0 1 2
3 4 1
1 0 5
3 1 5
5 0 6
7 2 1
4 7 1
8 7 4
2 9 0
9 10 0
0 10 6
5 11 3
6 12 13
5 6 14
14 6 13
15 7 8
16 2 7
17 8 4
17 4 3
17 3 11
18 19 20
10 12 6
14 11 5
12 21 13
7 15 22
16 7 23
24 8 25
25 8 17
2 26 9
18 25 17
27 25 18
11 28 17
18 17 28
19 18 28
27 18 20
29 30 31
30 27 20
31 30 20
11 14 32
19 28 33
20 19 33
13 32 14
33 34 20
31 20 34
35 13 21
32 13 35
23 7 22
36 15 8
23 37 16
24 36 8
16 26 2
16 38 26
25 39 24
39 25 27
30 39 27
10 9 40
41 10 40
12 10 41
42 28 11
11 32 42
33 28 43
34 44 31
34 33 45
46 44 34
35 21 47
22 15 48
36 48 15
24 39 49
38 16 37
39 30 50
50 30 29
26 40 9
51 29 31
51 31 44
28 42 43
43 45 33
45 52 34
52 46 34
53 52 45
48 36 54
22 37 23
49 54 36
49 36 24
50 49 39
55 50 29
56 55 29
56 29 51
12 41 21
57 44 46
43 42 58
58 42 32
45 43 59
60 52 53
46 52 60
32 35 61
61 35 62
37 22 63
48 63 22
49 64 54
65 64 49
50 65 49
66 38 67
37 67 38
66 68 38
68 26 38
69 55 56
70 40 26
71 40 70
41 40 71
51 72 56
73 41 71
74 72 51
73 75 41
74 51 76
76 51 44
41 75 21
76 44 57
21 75 77
47 21 77
62 35 47
78 43 58
59 43 78
32 61 58
53 45 59
79 61 62
61 80 81
48 54 82
65 50 55
68 70 26
69 56 83
72 83 56
70 84 71
71 84 73
84 85 73
85 75 73
76 86 74
47 77 87
88 57 46
87 62 47
88 46 60
87 79 62
89 59 78
89 90 59
53 59 90
61 81 58
61 79 80
91 63 92
63 48 92
93 82 64
65 93 64
91 37 63
64 82 54
67 37 91
55 94 65
95 96 97
96 98 97
95 97 84
70 95 84
99 100 72
97 98 101
74 99 72
97 101 102
97 85 84
99 74 86
85 97 102
85 102 103
75 85 103
86 76 104
75 103 77
57 88 105
105 76 57
53 90 60
106 60 90
88 60 106
105 88 106
78 58 107
81 107 58
89 78 107
108 90 89
80 109 81
92 48 82
110 93 65
111 67 91
112 94 55
67 111 113
66 67 114
67 113 114
55 69 112
69 83 112
68 114 115
114 68 66
68 115 70
115 95 70
115 96 95
100 83 72
101 116 102
117 104 76
77 103 118
77 118 87
105 117 76
87 118 79
118 119 79
79 119 80
106 90 108
120 105 106
121 105 120
89 107 122
108 89 122
109 107 81
123 93 110
92 124 91
94 110 65
125 126 94
125 94 112
127 125 112
128 127 112
83 128 112
129 115 114
96 130 98
98 131 132
98 132 101
104 133 86
116 134 102
134 103 102
103 135 118
117 105 136
119 137 80
108 138 106
123 82 93
139 110 94
126 139 94
140 113 111
129 114 113
100 128 83
115 141 96
141 130 96
130 142 98
142 131 98
143 99 86
86 133 143
101 132 144
101 144 116
117 133 104
118 135 119
121 136 105
138 120 106
109 145 107
122 107 145
146 109 80
147 109 146
110 139 148
92 82 149
92 149 124
149 82 123
150 123 110
126 151 139
152 125 127
152 127 128
129 113 153
141 115 129
100 152 128
152 100 154
154 155 152
142 130 141
154 100 99
156 154 99
143 156 99
103 134 135
122 157 108
80 137 158
145 157 122
147 145 109
148 139 151
159 151 126
124 160 161
159 126 125
161 91 124
161 111 91
152 159 125
155 162 152
111 161 140
153 113 140
163 129 164
129 153 164
129 163 141
165 131 142
166 156 143
166 143 167
168 132 131
144 169 116
169 170 116
117 171 133
116 170 134
172 119 135
137 119 172
121 173 136
138 174 120
120 174 121
158 146 80
148 150 110
175 148 151
123 176 149
162 159 152
177 140 161
140 177 153
164 178 163
179 141 163
180 181 155
154 180 155
180 154 156
168 131 165
143 133 167
132 168 144
170 135 134
172 135 182
137 183 158
176 123 184
185 184 123
150 185 123
175 186 148
175 151 187
188 151 159
162 188 159
155 181 162
164 153 189
178 179 163
156 190 180
191 165 142
166 190 156
171 167 133
171 192 167
117 193 171
117 136 193
135 170 182
157 194 108
108 194 138
174 173 121
138 195 174
195 196 174
173 174 196
158 197 146
146 197 147
145 147 198
175 199 186
199 175 200
200 175 187
187 151 188
149 201 124
124 201 202
149 176 201
202 160 124
189 177 161
162 181 203
178 204 179
177 189 153
205 181 180
179 206 142
141 179 142
205 180 190
144 168 207
208 144 207
144 208 169
208 209 169
170 210 182
193 136 211
172 182 212
211 136 173
138 194 195
213 148 186
150 214 185
150 213 214
148 213 150
203 188 162
215 160 202
215 161 160
216 178 217
164 217 178
164 189 217
161 215 189
205 203 181
206 191 142
168 165 218
166 167 192
219 208 207
208 219 209
169 209 170
220 210 170
210 212 182
221 137 172
183 137 221
211 173 222
158 183 223
145 198 224
157 145 224
194 157 224
225 195 194
196 195 226
227 200 187
187 188 228
187 228 227
184 185 214
176 184 201
215 202 229
217 189 230
216 204 178
204 231 179
205 232 203
233 232 205
179 231 206
234 205 190
218 165 191
166 235 190
218 236 168
168 236 207
171 193 237
170 209 220
212 221 172
158 223 197
222 173 196
147 197 238
147 238 198
225 226 195
225 194 224
186 239 213
184 240 201
213 239 214
188 241 228
188 203 241
202 201 229
241 203 242
215 230 189
242 203 232
231 204 243
233 205 234
244 191 206
244 245 191
245 218 191
190 235 234
235 246 234
166 192 235
235 192 247
207 236 248
207 248 249
192 171 237
207 249 219
219 250 209
193 211 251
210 220 252
253 212 210
221 212 253
223 183 221
197 223 254
197 254 238
199 255 186
200 227 256
214 240 184
239 257 214
258 230 215
216 243 204
231 259 206
233 234 260
192 261 247
192 237 261
249 262 219
262 250 219
263 193 251
210 252 253
211 222 264
223 221 254
265 222 196
264 222 265
266 198 238
266 267 198
225 224 268
198 267 224
226 225 268
255 199 200
256 227 269
186 270 239
228 269 227
271 269 228
214 257 240
272 201 240
241 273 228
258 215 229
201 274 229
201 272 274
216 275 243
243 259 231
242 232 276
234 246 260
245 236 218
246 235 277
248 278 249
279 262 278
249 278 262
237 193 263
280 238 254
186 255 270
281 257 239
228 273 271
258 229 282
272 240 283
284 230 285
284 216 217
230 284 217
241 242 273
206 286 244
245 287 236
236 287 248
247 277 235
261 288 247
289 262 279
290 237 263
262 289 250
250 291 209
291 220 209
251 211 292
252 220 293
211 264 292
294 252 293
252 294 253
253 295 221
295 254 221
254 295 296
196 297 265
238 298 266
297 196 226
298 238 299
200 300 255
256 300 200
239 270 281
272 283 301
240 257 283
285 230 258
272 301 274
259 243 275
259 286 206
232 233 276
233 260 302
244 303 245
303 304 245
246 305 260
245 304 287
248 287 306
307 278 306
306 278 248
290 288 261
307 279 278
261 237 290
251 292 263
254 296 280
280 299 238
308 297 226
224 309 268
310 256 269
269 271 311
270 312 281
285 258 313
313 258 282
229 274 282
216 314 275
216 284 314
275 315 259
242 276 316
233 302 276
303 244 317
246 318 305
304 319 287
287 319 306
277 247 288
289 320 250
220 291 321
220 321 293
294 322 253
265 323 264
295 253 322
226 268 308
256 324 300
310 324 256
269 311 310
312 255 325
312 270 255
281 312 326
271 327 311
301 283 328
257 328 283
281 326 257
273 327 271
315 275 329
273 242 330
315 331 259
259 331 286
276 332 316
276 302 332
286 317 244
302 260 305
318 246 277
333 306 319
334 306 333
334 307 306
288 290 335
279 336 289
290 263 337
337 263 292
299 280 296
323 265 297
266 298 338
267 266 338
224 267 309
310 339 324
310 311 340
325 255 300
328 257 341
257 326 341
275 342 329
285 343 284
330 242 316
318 277 344
277 288 345
345 288 335
334 346 307
307 346 279
336 347 289
320 291 250
348 264 323
292 264 348
294 293 349
296 350 299
322 294 349
323 297 351
267 338 352
352 309 267
353 268 309
353 308 268
339 310 354
300 324 325
355 312 325
326 312 355
356 313 357
282 357 313
282 274 358
274 301 358
359 301 328
328 341 359
342 275 314
342 314 360
284 360 314
356 343 285
313 356 285
273 330 327
286 361 317
362 332 302
362 302 363
363 302 305
303 364 304
365 304 364
365 319 304
319 365 333
335 290 366
346 367 279
290 337 368
367 336 279
347 320 289
337 292 369
348 369 292
291 320 321
295 322 370
296 295 370
350 296 370
371 338 298
297 308 351
372 324 373
340 354 310
372 325 324
374 340 311
375 356 376
358 301 377
377 301 359
325 378 355
376 356 357
282 379 357
379 282 358
327 374 311
284 380 360
315 381 331
330 316 382
332 383 316
331 361 286
317 384 303
385 363 305
305 318 385
344 277 345
366 345 335
366 290 368
321 386 293
293 386 349
350 387 299
298 299 388
338 371 389
352 338 389
353 309 390
373 324 339
376 379 391
392 358 377
372 378 325
379 376 357
393 394 355
378 393 355
380 284 395
284 343 395
394 359 341
326 394 341
355 394 326
396 374 327
329 397 315
327 330 396
383 382 316
331 381 361
332 398 383
317 361 399
398 332 362
399 384 317
362 400 398
400 362 363
303 384 364
400 363 385
385 318 401
318 344 401
402 346 334
346 403 367
367 404 336
337 405 368
336 406 347
337 369 405
406 320 347
320 406 407
407 321 320
408 321 407
409 386 321
299 387 410
299 410 388
298 388 371
411 323 351
353 412 308
351 308 412
373 339 413
339 414 413
339 354 414
415 416 376
376 391 415
417 354 340
376 416 375
379 358 391
392 391 358
418 377 359
359 394 418
393 418 394
417 340 374
419 360 380
395 356 375
356 395 343
360 420 342
397 342 420
397 329 342
330 382 396
398 421 383
422 365 364
401 344 423
334 333 402
366 424 345
403 346 402
404 425 336
425 406 336
386 426 349
322 349 370
350 370 387
321 408 409
411 351 412
309 352 427
390 309 427
412 353 428
429 377 430
392 377 429
378 372 373
354 417 414
395 375 416
380 431 419
380 432 431
380 395 432
419 420 360
374 396 417
433 315 397
433 381 315
421 382 383
434 361 381
399 435 384
398 400 436
364 384 437
400 385 438
344 345 423
345 424 423
367 403 439
440 366 368
368 405 441
406 442 407
443 369 348
370 349 444
323 411 443
443 348 323
445 386 409
352 389 446
352 446 427
353 390 428
447 415 448
449 448 415
391 449 415
392 449 391
377 418 450
415 447 416
393 451 418
393 378 452
393 452 451
452 378 373
453 416 447
454 395 453
453 395 416
395 455 432
395 454 455
456 396 382
381 433 434
434 435 399
434 399 361
421 398 457
384 435 458
398 436 457
400 438 436
437 422 364
385 459 438
459 385 401
333 365 460
461 402 333
366 440 424
440 368 462
462 368 441
439 404 367
370 444 463
387 370 463
410 387 463
442 464 407
407 464 408
386 445 426
465 411 412
392 466 449
429 466 392
377 450 430
451 450 418
417 467 414
419 468 420
469 417 396
456 469 396
420 470 397
470 433 397
471 456 382
471 382 421
458 437 384
459 472 438
401 423 459
333 460 461
424 473 423
403 402 474
439 475 404
406 425 476
476 442 406
477 369 443
478 349 426
349 478 444
443 411 465
479 426 445
389 480 446
481 390 427
482 390 481
428 390 482
449 483 448
483 449 466
373 413 452
452 413 484
484 413 414
447 485 453
468 419 486
419 431 486
467 417 469
468 487 420
432 488 431
432 489 488
455 489 432
490 434 433
421 491 471
457 491 421
435 492 458
493 457 436
438 493 436
438 472 493
365 422 494
365 494 460
423 473 495
403 496 439
496 475 439
369 497 405
442 476 464
498 463 444
389 371 480
465 412 499
408 500 409
499 412 428
481 427 446
448 483 501
430 466 429
484 414 502
447 448 501
467 503 414
431 504 486
488 504 431
454 453 455
470 420 487
469 456 505
435 434 506
492 435 506
491 457 493
458 507 437
508 459 509
459 423 509
509 423 510
474 402 461
474 496 403
404 511 425
497 369 477
388 410 512
371 388 512
513 478 514
513 444 478
371 512 480
479 478 426
446 480 515
409 500 445
516 428 482
483 466 517
430 517 466
430 518 517
430 519 518
450 519 430
451 519 450
502 414 503
447 501 485
487 520 521
487 468 520
486 520 468
486 504 520
487 522 470
470 522 433
471 491 523
472 524 493
405 525 441
405 497 525
475 511 404
425 511 476
526 463 498
410 463 512
463 526 512
498 444 527
444 513 527
480 512 528
465 477 443
500 408 464
446 529 481
499 428 516
482 481 530
483 531 532
531 483 517
533 519 451
534 533 451
452 534 451
484 535 452
452 535 534
483 532 501
453 485 536
467 505 503
537 453 536
505 467 469
537 455 453
471 505 456
490 506 434
506 538 492
458 492 507
539 523 493
523 491 493
540 437 507
541 494 422
459 508 472
495 473 542
473 424 543
424 440 543
440 544 543
440 462 544
462 441 545
441 525 545
497 477 546
476 511 547
526 498 527
476 548 464
446 515 529
500 549 445
550 478 479
530 481 529
517 551 531
518 551 517
551 518 552
518 519 552
485 553 554
501 553 485
489 555 556
489 556 488
537 489 455
505 471 557
522 490 433
471 523 557
492 558 507
493 524 539
540 541 422
437 540 422
472 508 524
559 494 541
559 460 494
509 510 560
495 510 423
473 543 542
474 561 496
544 462 562
563 475 496
476 547 548
477 465 546
465 499 546
550 514 478
499 516 564
565 550 479
552 519 566
519 533 566
531 567 532
532 567 501
502 503 568
505 568 503
485 554 536
520 569 521
522 487 521
556 570 504
504 488 556
489 537 555
522 571 490
571 572 490
572 506 490
492 538 558
460 573 574
461 460 574
574 474 461
561 563 496
562 462 545
475 563 575
497 545 525
575 511 475
512 526 576
512 576 528
526 527 576
499 577 546
480 528 515
464 548 578
500 464 579
445 549 565
479 445 565
482 530 580
534 535 581
551 582 531
533 583 566
583 533 534
484 584 535
502 584 484
585 501 567
502 568 584
520 570 569
504 570 520
556 555 586
587 506 572
587 538 506
588 557 523
558 589 507
524 508 590
508 509 560
559 573 460
591 545 497
497 546 591
547 511 592
513 514 593
527 513 593
515 528 594
577 499 564
464 578 579
595 514 550
564 516 596
597 500 579
530 598 580
516 482 580
550 565 599
534 581 583
552 600 551
501 585 553
505 601 568
602 601 505
603 521 604
603 522 521
603 571 522
556 605 570
537 536 555
505 606 602
606 505 557
523 539 588
507 607 540
507 589 607
524 608 539
590 508 560
559 609 573
510 495 610
611 474 574
474 611 561
544 612 613
613 543 544
544 562 612
575 592 511
614 576 527
548 547 578
514 615 593
529 515 616
580 596 516
529 617 530
500 597 549
531 618 567
582 618 531
568 619 584
601 619 568
569 620 604
554 621 536
604 521 569
536 621 622
555 536 622
556 586 605
555 623 586
624 623 555
571 625 572
606 557 588
587 572 625
538 626 558
539 627 588
539 608 627
541 540 628
608 524 590
573 609 629
574 629 630
573 629 574
560 510 631
510 610 631
630 611 574
632 542 543
613 632 543
633 563 561
545 591 634
591 546 635
576 614 528
527 593 614
636 514 595
515 594 616
595 550 599
637 599 565
549 597 637
565 549 637
535 638 581
638 535 584
639 583 581
600 582 551
569 570 620
571 603 640
622 624 555
626 538 587
588 641 606
588 627 641
607 589 642
642 589 558
540 607 628
541 609 559
633 561 611
613 612 643
633 644 563
612 562 545
645 547 592
646 546 577
547 647 578
614 593 615
615 514 636
529 616 617
530 617 648
530 648 598
580 598 596
597 579 649
650 597 649
581 651 639
638 584 652
619 652 584
600 653 582
654 600 552
552 566 654
655 553 585
553 656 554
553 655 656
656 621 554
657 603 604
603 657 640
642 558 626
607 658 628
628 609 541
659 560 631
660 611 630
495 542 661
662 633 611
613 643 632
612 545 663
575 563 644
545 634 663
634 591 664
665 592 575
645 592 665
635 664 591
528 614 666
528 666 667
528 667 594
564 668 646
646 577 564
669 595 599
637 597 670
597 650 670
599 637 670
581 638 651
653 618 582
583 639 566
600 671 653
654 566 672
620 673 674
673 620 570
601 602 675
605 673 570
622 676 624
602 606 677
571 640 625
586 678 605
679 623 624
625 680 587
642 681 607
609 628 682
590 560 659
629 683 630
660 684 611
633 685 644
634 664 663
547 645 647
646 635 546
578 647 686
668 564 596
617 687 648
596 598 688
689 579 578
579 689 649
690 599 670
638 691 651
566 639 672
600 654 671
619 675 652
675 619 601
620 674 604
692 621 656
675 602 677
604 693 657
604 674 693
621 692 622
605 678 673
677 606 694
680 695 587
695 626 587
658 607 681
627 608 696
608 590 697
590 659 697
611 684 662
633 662 698
698 685 633
665 575 644
699 635 646
700 614 615
614 700 666
615 701 700
594 667 702
616 702 703
616 594 702
703 617 616
636 595 704
578 686 689
704 595 669
650 649 705
650 705 670
652 706 638
638 706 691
707 655 585
655 708 656
640 657 709
676 622 692
625 640 710
586 711 678
586 623 711
676 679 624
710 680 625
712 694 606
626 695 713
712 606 641
626 713 642
641 627 714
642 713 681
608 697 696
629 609 715
629 715 683
630 683 660
495 661 610
542 632 661
632 643 716
717 645 665
635 699 664
645 717 647
636 701 615
617 703 687
599 690 669
691 718 651
718 639 651
719 639 720
718 720 639
672 639 721
721 639 719
722 618 653
652 675 706
675 723 706
722 567 618
671 724 653
567 722 585
722 707 585
655 725 708
726 674 673
708 692 656
678 726 673
710 640 709
711 623 679
712 641 714
627 696 714
628 658 682
727 728 697
682 715 609
697 659 727
659 631 729
643 730 716
643 612 730
731 644 685
644 731 665
647 717 732
647 732 686
666 700 733
667 666 733
636 734 701
735 646 668
596 688 668
689 686 736
689 705 649
705 737 670
670 737 690
721 654 672
671 738 724
655 707 725
708 739 692
692 740 676
739 740 692
677 694 741
678 742 726
695 680 743
695 743 713
713 744 681
681 745 658
745 682 658
696 697 728
727 659 729
729 631 610
661 632 746
632 716 746
730 612 663
663 664 747
748 664 699
665 749 717
702 667 733
648 688 598
704 669 750
734 636 704
689 736 751
752 690 737
669 690 752
706 753 691
706 723 753
653 724 722
721 754 654
675 755 723
671 654 738
675 741 755
741 675 677
693 674 726
725 756 708
709 757 710
757 758 710
758 680 710
678 711 742
740 679 676
758 743 680
713 759 744
714 760 761
714 696 760
728 760 696
681 744 745
660 762 763
660 763 684
764 662 684
765 730 663
717 766 732
699 735 767
733 700 701
735 699 646
702 768 703
686 732 769
703 768 687
668 688 770
770 735 668
686 769 736
691 771 718
772 771 691
753 772 691
654 754 738
773 657 774
693 774 657
726 774 693
773 709 657
757 709 775
739 708 756
776 756 725
777 726 742
742 778 777
711 778 742
740 779 679
713 743 780
714 761 712
682 781 715
660 683 762
661 729 610
661 746 782
764 698 662
765 663 747
665 731 749
664 748 747
783 717 749
717 783 766
702 733 784
768 702 784
701 734 785
648 687 786
688 648 787
704 788 734
705 689 751
789 790 705
705 790 737
705 751 789
771 720 718
723 791 753
719 720 792
722 793 794
721 719 795
792 795 719
707 794 776
794 707 722
796 775 709
773 796 709
776 725 707
797 755 741
798 726 777
775 758 757
799 739 800
756 800 739
799 740 739
799 779 740
779 801 679
801 778 711
801 711 679
780 759 713
694 712 802
712 761 802
760 728 803
781 682 745
727 804 728
762 683 715
805 763 762
763 764 684
806 685 698
735 807 767
701 785 784
733 701 784
735 770 807
785 734 788
687 808 786
688 787 809
810 750 669
736 769 811
669 752 812
751 736 811
737 790 813
752 737 813
771 814 720
720 814 792
724 793 722
754 721 815
754 816 738
795 815 721
726 817 774
726 798 817
797 741 694
775 818 758
797 694 802
819 743 820
820 743 758
818 820 758
777 778 821
821 778 822
779 799 823
819 780 743
801 822 778
761 824 802
759 825 744
761 760 826
804 727 827
729 827 727
661 782 729
764 828 698
829 746 716
716 830 829
730 830 716
806 698 828
730 831 830
831 730 765
731 685 806
767 748 699
766 769 732
766 832 769
768 784 808
768 808 687
786 808 833
688 834 770
835 704 750
788 704 835
836 813 790
836 790 789
772 814 771
753 791 772
814 837 792
738 838 724
738 816 838
754 815 816
795 792 837
774 839 773
774 817 839
840 817 798
798 777 841
798 841 840
776 842 756
821 841 777
756 842 800
779 823 801
801 843 822
780 844 759
759 844 825
824 761 826
760 803 826
715 781 845
845 762 715
729 782 827
764 846 847
764 763 846
782 746 829
765 848 831
747 848 765
748 849 747
783 749 850
834 807 770
785 788 851
784 785 851
784 851 808
648 786 852
787 648 852
688 809 834
835 750 810
853 769 832
811 769 853
669 812 810
838 854 724
815 855 816
796 773 856
795 855 815
837 855 795
857 776 794
818 775 796
841 821 858
858 821 843
800 842 799
843 821 822
843 801 859
801 823 859
825 745 744
860 781 745
860 745 825
728 804 803
763 805 846
782 829 861
830 862 829
806 828 863
831 864 830
731 806 865
747 849 848
850 749 731
834 866 807
851 788 867
868 787 852
751 811 869
813 836 870
755 871 723
814 872 837
794 793 857
724 854 793
773 839 856
855 873 816
874 755 797
840 875 817
840 841 876
841 858 876
819 820 877
877 820 818
843 878 858
879 842 776
878 843 859
859 823 880
881 762 845
782 882 827
861 829 883
764 847 828
847 884 828
863 828 884
862 830 864
731 885 850
866 767 807
766 783 886
808 851 887
832 766 886
810 812 888
789 751 889
836 789 890
789 889 890
813 870 891
772 892 814
772 791 892
723 893 791
838 816 894
816 873 894
839 895 856
896 895 839
839 817 896
855 837 873
856 897 796
817 875 896
897 818 796
797 898 874
877 899 819
818 897 877
878 859 880
780 899 900
899 780 819
802 898 797
900 844 780
802 901 898
842 902 799
903 781 860
781 903 845
827 904 804
882 904 827
905 762 881
905 805 762
861 882 782
829 862 883
806 863 865
906 849 748
907 748 767
783 850 886
851 867 908
851 908 887
808 887 833
786 833 909
786 909 852
809 787 910
835 810 888
814 892 911
791 912 892
872 814 911
913 838 894
914 857 793
793 854 914
838 913 854
915 840 876
876 916 915
858 916 876
873 837 872
897 856 917
915 875 840
858 918 916
858 878 918
776 919 879
878 920 918
880 920 878
842 921 902
879 921 842
799 902 823
922 825 844
825 922 923
825 923 860
826 924 824
803 925 924
803 924 826
804 925 803
903 926 845
846 805 927
846 927 928
847 846 928
847 929 884
864 831 848
865 885 731
907 906 748
866 907 767
833 887 930
833 930 909
910 787 868
835 867 788
832 886 853
888 812 931
813 891 752
752 891 812
889 932 890
889 751 869
872 911 933
723 871 893
871 755 874
873 872 933
856 895 917
857 919 776
877 934 899
897 917 877
900 935 844
823 936 880
823 902 936
935 922 844
926 881 845
904 882 861
805 905 927
928 929 847
834 937 866
910 937 834
910 834 809
868 938 910
835 939 867
852 909 940
868 852 941
868 941 938
835 942 939
943 811 853
811 943 869
836 890 944
870 945 891
869 943 946
889 869 946
791 893 912
947 894 948
894 949 948
894 947 913
949 894 950
894 873 950
854 951 952
854 913 951
916 953 915
857 914 919
918 954 916
918 955 954
918 920 955
899 956 900
936 920 880
957 922 935
802 824 958
860 923 959
860 959 903
960 925 804
804 904 960
861 883 961
929 962 884
884 962 863
963 865 863
865 963 885
964 965 885
966 907 866
885 965 850
850 965 967
886 850 967
887 908 968
887 968 930
940 941 852
835 888 942
888 931 942
870 836 945
944 890 932
889 946 969
911 892 970
893 971 912
972 971 893
973 974 933
911 973 933
871 972 893
933 950 873
854 952 914
916 954 953
975 871 874
875 915 976
895 977 917
895 896 977
875 976 896
978 879 919
898 975 874
917 979 877
920 980 955
921 879 978
934 956 899
981 980 920
975 898 901
935 900 956
920 936 981
902 921 982
802 958 901
983 958 824
824 924 984
881 985 905
985 881 926
861 961 986
928 987 929
929 987 988
929 988 962
862 989 990
864 989 862
989 864 848
964 885 963
991 866 937
992 937 910
993 908 867
909 930 940
930 994 940
886 967 995
993 867 939
995 996 886
886 996 853
997 944 932
836 944 945
998 889 969
998 932 889
892 912 970
970 973 911
951 913 947
871 975 972
953 999 915
1000 919 914
999 976 915
976 1001 896
919 1000 978
877 979 934
977 979 917
896 1001 977
956 1002 935
978 1003 921
1002 957 935
824 984 983
925 984 924
985 926 1004
904 861 986
1005 927 905
927 1005 928
1005 1006 928
928 1006 987
883 990 961
883 862 990
863 1007 963
1008 964 963
991 966 866
965 1009 967
930 968 1010
938 941 1011
1011 910 938
931 1012 942
812 1013 931
1013 812 891
947 948 1014
949 950 948
950 933 974
975 1015 972
1016 1017 914
914 1018 1000
1000 1019 978
977 1001 979
955 980 1020
982 936 902
982 921 1003
982 1021 936
923 922 957
1022 959 923
959 1022 1023
959 1023 903
926 903 1023
1024 905 985
988 1025 962
962 1025 863
1007 863 1025
1026 849 906
1007 1008 963
1026 906 907
1026 907 966
1009 964 1008
965 964 1009
967 1009 995
930 1010 994
939 942 1027
945 944 1028
944 997 1028
891 945 1013
853 996 943
973 970 1029
970 912 1029
912 1030 1029
912 971 1030
948 1031 1014
948 950 1032
972 1015 971
947 1014 1033
914 952 1016
1034 951 947
953 1035 999
954 1035 953
1018 914 1017
955 1036 1035
955 1035 954
1018 1019 1000
975 901 1037
958 1037 901
1022 923 957
925 960 1038
926 1023 1039
960 904 1040
904 986 1040
1041 905 1024
1005 905 1041
1042 986 961
961 990 1042
987 1043 988
1044 990 989
989 848 1045
1025 1046 1007
1047 848 849
1007 1048 1008
1048 1049 1008
1009 1008 1049
1050 992 910
908 993 968
993 1010 968
1012 931 1051
942 1012 1027
993 939 1027
941 940 1052
1052 1011 941
931 1013 1051
996 1053 943
997 932 1054
1054 932 998
969 946 1055
969 1055 998
971 1056 1030
1056 971 1015
948 1032 1031
975 1057 1015
1058 1019 1018
1059 1057 975
955 1060 1036
1020 1060 955
975 1037 1059
979 1061 934
1001 1062 979
1003 978 1063
1019 1063 978
1021 981 936
984 925 1064
1038 1064 925
1039 1004 926
1040 1038 960
985 1004 1024
1006 1065 987
990 1066 1042
1043 987 1065
1044 1066 990
1025 988 1043
1044 989 1045
1067 1025 1043
1025 1067 1046
1007 1046 1048
1068 1009 1049
1069 937 992
1009 1068 1070
1070 995 1009
1010 1071 994
1012 1051 1072
1027 1012 1072
940 994 1071
940 1071 1052
1070 996 995
1028 997 1073
943 1053 1074
946 943 1074
1055 946 1075
946 1074 1075
973 1076 1077
1029 1076 973
1078 974 973
1030 1079 1029
950 1078 1032
1078 950 974
952 1080 1016
951 1034 952
952 1034 1080
999 1081 976
999 1035 1036
1081 999 1036
1001 1081 1062
976 1081 1001
979 1062 1061
982 1003 1063
1082 1037 958
983 1082 958
1083 1082 983
983 984 1083
1083 984 1064
1040 1084 1038
1024 1085 1041
1084 1040 1086
1040 986 1086
1041 1087 1005
1005 1087 1006
1086 986 1042
1006 1087 1065
848 1088 1089
1088 848 1047
1090 849 1026
966 1091 1026
1091 966 991
1069 991 937
993 1092 1010
1092 1071 1010
1050 910 1011
993 1027 1092
1071 1093 1052
945 1028 1013
1094 1053 996
1054 1095 997
1073 997 1095
1053 1094 1074
1077 1078 973
1029 1079 1076
1030 1056 1079
1015 1096 1056
1097 1096 1015
1097 1015 1057
1098 1097 1057
1018 1017 1099
1099 1058 1018
1057 1059 1098
1100 1060 1020
980 1100 1020
1100 980 981
1021 1100 981
1101 957 1002
1101 1022 957
1102 1023 1022
1038 1103 1064
1103 1038 1084
1085 1024 1004
1043 1065 1067
1045 848 1089
992 1050 1069
1104 1070 1068
1070 1104 1105
1027 1072 1092
1071 1092 1093
1052 1093 1106
1105 996 1070
1051 1013 1107
996 1105 1094
1073 1108 1028
1028 1108 1013
1074 1109 1075
1055 1075 1110
1055 1110 1111
998 1055 1111
1056 1112 1079
1113 1058 1099
956 934 1114
934 1061 1115
1062 1116 1061
1117 1062 1081
1019 1118 1063
956 1114 1002
1119 1021 982
1120 1037 1082
1082 1083 1120
1121 1004 1122
1087 1123 1065
1067 1124 1046
1046 1124 1048
1047 849 1090
1125 1091 991
1125 991 1069
1092 1072 1126
1127 1072 1051
1127 1051 1107
1128 1013 1108
1095 1129 1073
1108 1073 1129
1074 1130 1109
1109 1131 1075
998 1111 1054
1077 1076 1132
1077 1133 1078
1056 1096 1112
1078 1134 1032
1032 1134 1135
1136 1081 1036
1118 1058 1113
1098 1059 1037
1136 1117 1081
1058 1118 1019
1060 1100 1137
982 1063 1138
1037 1139 1098
1139 1037 1120
1021 1140 1100
1141 1022 1101
1141 1102 1022
1083 1064 1142
1122 1023 1102
1039 1023 1122
1122 1004 1039
1085 1004 1121
1085 1143 1041
1144 1086 1042
1123 1087 1145
1144 1042 1146
1042 1066 1146
1123 1147 1065
1066 1044 1148
1065 1149 1067
1150 1088 1047
1150 1047 1090
1048 1151 1049
1049 1152 1068
1104 1068 1152
1126 1072 1153
1092 1154 1093
1093 1154 1106
1013 1128 1107
1074 1094 1130
1155 1095 1054
1133 1077 1132
1078 1133 1134
1080 1017 1016
934 1115 1114
1061 1116 1115
1156 1137 1100
1157 1119 982
1021 1119 1140
1103 1084 1158
1158 1084 1144
1084 1086 1144
1041 1143 1087
1065 1147 1149
1044 1045 1159
1089 1159 1045
1067 1149 1124
1092 1126 1154
1072 1127 1153
1107 1160 1127
1105 1161 1094
1094 1161 1162
1163 1108 1129
1094 1162 1130
1129 1095 1155
1131 1109 1164
1096 1165 1112
1097 1165 1096
1166 1097 1098
1167 1113 1099
1116 1168 1115
1062 1169 1116
1062 1170 1169
1036 1060 1136
1060 1137 1136
1157 982 1138
1098 1139 1166
1101 1002 1171
1156 1100 1140
1120 1083 1172
1064 1103 1142
1143 1085 1121
1143 1173 1087
1173 1145 1087
1123 1174 1147
1147 1175 1149
1149 1175 1176
1176 1124 1149
1090 1177 1150
1124 1151 1048
1026 1178 1090
1026 1091 1178
1151 1152 1049
1050 1179 1069
1104 1180 1105
1050 1011 1179
1011 1052 1181
1105 1180 1161
1128 1160 1107
1182 1128 1108
1182 1108 1163
1130 1183 1109
1110 1075 1184
1054 1111 1155
1163 1129 1155
1075 1131 1184
1112 1185 1079
1112 1165 1185
1097 1166 1165
1017 1186 1099
1113 1187 1118
1187 1113 1167
1062 1117 1170
1188 1166 1139
1114 1171 1002
1101 1171 1189
1120 1188 1139
1101 1189 1141
1120 1172 1188
1142 1172 1083
1122 1102 1190
1103 1158 1142
1122 1191 1121
1191 1143 1121
1158 1144 1192
1174 1123 1145
1144 1146 1193
1174 1194 1147
1147 1194 1175
1125 1195 1091
1125 1069 1196
1011 1181 1179
1130 1162 1183
1110 1184 1197
1111 1110 1197
1164 1109 1198
1131 1164 1199
1079 1200 1076
1185 1200 1079
1032 1135 1031
1186 1017 1080
1136 1201 1117
1118 1202 1063
1188 1203 1166
1116 1169 1168
1136 1204 1201
1102 1205 1206
1102 1141 1205
1190 1102 1206
1190 1207 1122
1191 1122 1207
1142 1158 1208
1208 1158 1192
1193 1146 1209
1146 1066 1209
1066 1148 1209
1044 1159 1148
1194 1210 1175
1175 1210 1176
1124 1176 1151
1090 1178 1211
1091 1195 1212
1151 1213 1152
1069 1179 1214
1052 1106 1181
1215 1126 1153
1153 1127 1216
1160 1128 1182
1111 1197 1217
1109 1183 1198
1184 1131 1199
1200 1132 1076
1134 1218 1135
947 1033 1034
1186 1167 1099
1166 1203 1219
1114 1115 1220
1117 1201 1170
1063 1202 1138
1136 1137 1204
1137 1156 1221
1221 1222 1137
1156 1140 1221
1141 1189 1205
1223 1143 1191
1223 1173 1143
1192 1144 1224
1144 1193 1224
1194 1174 1225
1226 1194 1225
1177 1090 1211
1176 1227 1151
1178 1091 1212
1195 1125 1196
1213 1228 1152
1152 1228 1104
1104 1228 1180
1126 1215 1154
1154 1229 1106
1127 1160 1216
1161 1230 1162
1231 1160 1182
1163 1155 1232
1232 1182 1163
1231 1182 1232
1164 1198 1233
1199 1164 1233
1134 1133 1218
1234 1014 1031
1234 1033 1014
1166 1219 1165
1235 1220 1115
1114 1220 1236
1168 1235 1115
1114 1236 1171
1119 1237 1238
1119 1157 1237
1137 1222 1204
1119 1238 1140
1239 1203 1188
1142 1240 1172
1191 1207 1241
1142 1208 1240
1173 1242 1145
1210 1194 1226
1088 1243 1089
1151 1227 1213
1214 1196 1069
1180 1230 1161
1160 1244 1216
1199 1233 1245
1132 1200 1133
1031 1135 1234
1165 1246 1247
1080 1248 1186
1219 1249 1165
1167 1250 1187
1201 1251 1170
1118 1252 1202
1168 1253 1235
1201 1254 1251
1157 1138 1237
1169 1255 1168
1204 1254 1201
1256 1189 1171
1172 1239 1188
1207 1257 1241
1223 1242 1173
1224 1208 1192
1159 1089 1258
1210 1259 1176
1150 1243 1088
1150 1177 1260
1227 1176 1261
1212 1211 1178
1262 1180 1228
1180 1262 1230
1106 1229 1263
1153 1216 1264
1215 1153 1264
1216 1244 1265
1162 1230 1266
1162 1266 1267
1162 1267 1183
1111 1217 1155
1183 1267 1198
1268 1269 1184
1269 1197 1184
1198 1267 1233
1268 1184 1199
1218 1133 1200
1165 1247 1185
1080 1034 1248
1248 1270 1186
1167 1186 1270
1203 1271 1219
1203 1239 1271
1169 1170 1255
1168 1255 1253
1221 1140 1238
1256 1205 1189
1206 1207 1190
1257 1207 1206
1191 1241 1272
1191 1272 1223
1272 1242 1223
1242 1273 1145
1145 1273 1174
1174 1274 1225
1260 1243 1150
1260 1177 1211
1259 1261 1176
1275 1213 1227
1275 1228 1213
1106 1263 1276
1181 1106 1276
1277 1160 1231
1267 1278 1233
1199 1245 1268
1247 1200 1185
1034 1279 1248
1279 1034 1033
1165 1249 1246
1219 1271 1280
1202 1252 1138
1252 1118 1281
1170 1282 1255
1283 1237 1252
1252 1237 1138
1204 1284 1254
1204 1222 1284
1221 1285 1222
1205 1286 1206
1273 1274 1174
1274 1273 1287
1210 1226 1288
1089 1289 1258
1243 1289 1089
1290 1211 1212
1212 1195 1290
1291 1195 1196
1214 1291 1196
1292 1262 1228
1179 1181 1293
1154 1215 1229
1277 1244 1160
1155 1294 1232
1231 1232 1295
1233 1296 1245
1200 1297 1218
1219 1280 1249
1187 1298 1118
1254 1299 1251
1300 1271 1239
1239 1172 1301
1172 1240 1301
1301 1240 1302
1240 1303 1302
1240 1208 1303
1272 1304 1242
1224 1305 1208
1224 1193 1305
1305 1193 1306
1209 1148 1307
1148 1159 1307
1258 1307 1159
1210 1288 1259
1289 1243 1260
1261 1259 1308
1227 1261 1275
1214 1309 1291
1179 1309 1214
1179 1293 1309
1215 1310 1229
1216 1265 1311
1216 1311 1264
1266 1312 1267
1232 1294 1313
1277 1231 1295
1233 1278 1296
1245 1314 1268
1218 1315 1135
1218 1297 1315
1200 1316 1297
1247 1316 1200
1317 1033 1234
1167 1270 1318
1187 1250 1298
1318 1250 1167
1251 1299 1170
1170 1299 1282
1220 1235 1236
1319 1171 1236
1285 1284 1222
1238 1237 1283
1239 1301 1300
1256 1320 1205
1305 1303 1208
1274 1321 1225
1321 1322 1225
1225 1322 1226
1226 1323 1288
1308 1259 1288
1324 1260 1211
1275 1292 1228
1181 1276 1293
1262 1325 1230
1326 1215 1264
1326 1310 1215
1230 1327 1266
1265 1244 1277
1267 1312 1278
1328 1197 1269
1245 1296 1314
1135 1315 1234
1033 1317 1279
1248 1279 1329
1300 1330 1271
1253 1331 1235
1284 1332 1254
1238 1333 1221
1256 1171 1319
1205 1320 1286
1301 1302 1334
1334 1302 1303
1241 1257 1335
1241 1336 1272
1272 1336 1304
1303 1305 1337
1306 1337 1305
1274 1287 1321
1209 1338 1193
1209 1307 1338
1226 1322 1323
1339 1307 1258
1260 1340 1289
1340 1260 1324
1308 1341 1261
1290 1324 1211
1342 1290 1195
1261 1343 1275
1195 1291 1342
1343 1292 1275
1325 1262 1292
1276 1344 1293
1230 1325 1345
1345 1327 1230
1266 1327 1312
1265 1277 1346
1197 1328 1217
1347 1269 1268
1348 1317 1234
1315 1348 1234
1349 1247 1246
1350 1270 1248
1350 1318 1270
1351 1250 1318
1252 1281 1352
1236 1353 1319
1235 1353 1236
1253 1354 1331
1255 1354 1253
1282 1354 1255
1333 1285 1221
1256 1319 1320
1335 1206 1355
1355 1206 1286
1335 1257 1206
1335 1336 1241
1356 1303 1337
1338 1306 1193
1308 1288 1357
1290 1342 1324
1261 1341 1343
1344 1358 1293
1359 1229 1310
1263 1229 1359
1265 1360 1311
1312 1361 1278
1232 1313 1295
1278 1362 1296
1296 1362 1314
1268 1314 1347
1363 1348 1315
1315 1364 1363
1315 1297 1364
1248 1329 1350
1249 1349 1246
1250 1351 1298
1365 1280 1271
1352 1283 1252
1118 1298 1281
1271 1330 1365
1353 1235 1331
1254 1332 1299
1238 1366 1333
1301 1367 1300
1355 1286 1320
1334 1303 1356
1242 1304 1368
1304 1369 1368
1242 1368 1273
1368 1370 1287
1368 1287 1273
1258 1371 1339
1289 1371 1258
1323 1357 1288
1289 1372 1371
1289 1340 1372
1341 1308 1357
1291 1309 1342
1358 1309 1293
1263 1359 1344
1276 1263 1344
1346 1277 1295
1278 1361 1362
1328 1269 1373
1373 1269 1347
1314 1362 1374
1347 1314 1374
1297 1316 1364
1348 1279 1317
1247 1375 1316
1376 1349 1249
1318 1350 1351
1376 1249 1280
1365 1376 1280
1284 1285 1332
1377 1367 1301
1334 1377 1301
1336 1369 1304
1287 1370 1321
1306 1338 1378
1321 1379 1322
1338 1307 1378
1379 1380 1322
1322 1380 1323
1307 1339 1381
1342 1309 1382
1344 1383 1358
1310 1384 1359
1310 1326 1384
1361 1312 1385
1346 1360 1265
1346 1295 1386
1348 1363 1387
1279 1348 1329
1247 1349 1375
1388 1330 1300
1299 1332 1389
1283 1390 1238
1332 1285 1391
1390 1366 1238
1388 1300 1367
1377 1388 1367
1356 1377 1334
1307 1381 1378
1323 1392 1357
1341 1357 1393
1324 1372 1340
1341 1394 1343
1395 1382 1309
1358 1395 1309
1345 1396 1327
1327 1396 1385
1312 1327 1385
1264 1311 1397
1326 1264 1397
1217 1328 1398
1155 1217 1294
1217 1398 1294
1386 1295 1313
1364 1399 1363
1350 1329 1400
1351 1350 1400
1352 1281 1401
1330 1388 1402
1282 1389 1354
1299 1389 1282
1355 1403 1335
1377 1356 1404
1403 1405 1335
1335 1405 1336
1336 1406 1369
1407 1321 1370
1321 1407 1379
1371 1381 1339
1380 1392 1323
1392 1393 1357
1372 1324 1408
1341 1393 1394
1324 1342 1409
1394 1410 1343
1343 1410 1292
1410 1411 1292
1411 1325 1292
1412 1345 1325
1359 1413 1344
1359 1384 1414
1311 1360 1397
1361 1415 1362
1416 1373 1347
1362 1415 1417
1362 1417 1374
1348 1418 1329
1348 1387 1418
1399 1387 1363
1316 1375 1364
1419 1400 1329
1420 1298 1351
1402 1365 1330
1331 1421 1353
1331 1354 1421
1422 1319 1353
1319 1422 1320
1332 1391 1423
1320 1424 1355
1377 1404 1388
1405 1406 1336
1356 1425 1404
1425 1356 1337
1425 1337 1306
1425 1306 1378
1381 1426 1378
1381 1371 1427
1380 1428 1392
1429 1371 1372
1324 1430 1408
1430 1324 1409
1342 1382 1409
1431 1382 1395
1345 1412 1396
1344 1413 1432
1359 1414 1413
1384 1326 1397
1414 1384 1433
1385 1415 1361
1360 1346 1434
1328 1373 1398
1374 1416 1347
1298 1435 1281
1353 1421 1422
1354 1436 1421
1389 1436 1354
1389 1332 1423
1437 1285 1333
1369 1406 1368
1379 1428 1380
1372 1408 1429
1392 1438 1393
1393 1438 1394
1409 1382 1431
1438 1410 1394
1439 1431 1395
1395 1358 1439
1411 1412 1325
1383 1440 1358
1344 1432 1383
1385 1396 1441
1373 1416 1398
1364 1375 1399
1399 1375 1442
1418 1419 1329
1349 1376 1443
1376 1444 1443
1376 1365 1444
1402 1444 1365
1402 1388 1445
1389 1423 1436
1388 1446 1445
1447 1437 1333
1366 1447 1333
1424 1320 1422
1446 1388 1404
1403 1355 1424
1448 1404 1425
1406 1449 1368
1368 1449 1370
1370 1450 1407
1425 1378 1451
1407 1452 1379
1452 1453 1379
1428 1438 1392
1358 1440 1439
1383 1454 1440
1397 1455 1384
1455 1433 1384
1414 1433 1413
1360 1456 1397
1456 1360 1434
1457 1415 1385
1434 1346 1386
1387 1458 1418
1349 1443 1375
1400 1420 1351
1421 1459 1422
1459 1424 1422
1437 1391 1285
1390 1447 1366
1391 1460 1423
1461 1403 1424
1448 1446 1404
1462 1405 1403
1449 1450 1370
1450 1452 1407
1451 1378 1426
1426 1381 1427
1379 1453 1428
1371 1429 1427
1428 1463 1438
1408 1430 1464
1465 1412 1411
1454 1383 1432
1441 1457 1385
1398 1416 1466
1415 1457 1417
1467 1466 1416
1398 1466 1468
1398 1468 1469
1398 1469 1470
1294 1398 1470
1386 1313 1471
1374 1417 1467
1467 1416 1374
1399 1472 1387
1399 1442 1472
1418 1473 1419
1474 1420 1400
1473 1474 1400
1443 1444 1475
1420 1476 1298
1281 1435 1401
1444 1402 1477
1444 1477 1478
1477 1402 1445
1421 1479 1459
1436 1479 1421
1436 1480 1479
1423 1480 1436
1459 1481 1424
1482 1480 1423
1460 1482 1423
1446 1448 1483
1484 1462 1403
1405 1485 1406
1406 1485 1449
1486 1448 1425
1486 1425 1451
1453 1487 1428
1488 1429 1408
1464 1489 1408
1490 1430 1409
1431 1491 1492
1491 1439 1493
1431 1439 1491
1494 1412 1465
1412 1494 1396
1494 1495 1396
1432 1413 1496
1433 1497 1413
1471 1313 1498
1434 1386 1471
1443 1442 1375
1419 1473 1400
1474 1476 1420
1475 1444 1478
1352 1401 1499
1283 1499 1500
1499 1283 1352
1283 1500 1390
1445 1446 1477
1391 1437 1501
1481 1502 1424
1503 1446 1483
1461 1484 1403
1462 1485 1405
1451 1426 1504
1426 1427 1504
1504 1427 1505
1506 1428 1487
1507 1427 1429
1488 1507 1429
1508 1489 1464
1488 1408 1489
1464 1509 1508
1509 1464 1430
1409 1431 1492
1438 1510 1410
1396 1495 1441
1413 1511 1496
1413 1497 1511
1456 1512 1397
1397 1512 1455
1455 1512 1433
1472 1458 1387
1442 1513 1472
1442 1443 1513
1476 1435 1298
1390 1500 1514
1479 1481 1459
1515 1479 1480
1391 1501 1460
1480 1482 1515
1446 1503 1477
1424 1502 1461
1483 1448 1486
1486 1451 1504
1452 1487 1453
1428 1516 1463
1516 1428 1506
1430 1490 1509
1492 1490 1409
1463 1510 1438
1410 1465 1411
1493 1439 1440
1454 1517 1440
1454 1432 1496
1518 1496 1511
1466 1519 1520
1519 1466 1467
1469 1468 1521
1469 1521 1470
1417 1457 1522
1417 1522 1467
1294 1470 1523
1434 1471 1456
1524 1473 1418
1443 1525 1513
1475 1525 1443
1478 1526 1475
1514 1527 1390
1437 1528 1501
1447 1528 1437
1527 1447 1390
1479 1529 1481
1460 1530 1482
1531 1530 1460
1501 1531 1460
1532 1503 1483
1533 1462 1484
1486 1534 1483
1535 1452 1450
1504 1536 1486
1537 1505 1427
1507 1537 1427
1507 1488 1537
1463 1516 1510
1510 1538 1410
1410 1538 1465
1493 1440 1517
1539 1494 1465
1494 1539 1495
1441 1495 1540
1457 1441 1540
1457 1540 1522
1497 1433 1512
1519 1467 1522
1294 1523 1541
1294 1541 1313
1418 1458 1524
1542 1458 1472
1513 1542 1472
1525 1542 1513
1543 1435 1476
1475 1526 1525
1478 1477 1526
1528 1447 1544
1515 1482 1545
1546 1545 1482
1546 1482 1530
1547 1529 1479
1515 1547 1479
1534 1532 1483
1462 1548 1485
1485 1549 1449
1449 1535 1450
1535 1550 1452
1452 1550 1487
1536 1504 1505
1551 1506 1487
1489 1508 1552
1552 1488 1489
1506 1553 1516
1465 1538 1554
1454 1496 1517
1495 1539 1555
1518 1511 1556
1495 1557 1540
1558 1559 1468
1468 1466 1558
1559 1521 1468
1560 1511 1497
1540 1561 1522
1522 1561 1519
1497 1512 1560
1521 1562 1470
1523 1470 1562
1471 1498 1563
1456 1471 1563
1456 1563 1564
1512 1456 1564
1524 1458 1565
1566 1473 1524
1542 1565 1458
1543 1476 1567
1474 1567 1476
1500 1568 1514
1527 1514 1569
1526 1477 1570
1571 1481 1529
1481 1571 1502
1461 1502 1572
1484 1461 1573
1548 1462 1533
1485 1548 1549
1534 1486 1574
1449 1549 1535
1574 1486 1536
1550 1551 1487
1536 1505 1575
1575 1505 1537
1576 1537 1488
1508 1509 1577
1510 1516 1538
1492 1491 1578
1493 1578 1491
1554 1539 1465
1554 1555 1539
1496 1518 1579
1495 1555 1557
1512 1564 1560
1524 1565 1566
1580 1474 1473
1581 1525 1582
1583 1500 1499
1525 1526 1582
1527 1544 1447
1531 1584 1530
1584 1546 1530
1515 1585 1547
1585 1515 1545
1547 1571 1529
1572 1502 1571
1586 1572 1571
1461 1572 1573
1533 1484 1573
1576 1575 1537
1576 1488 1552
1506 1551 1553
1509 1490 1587
1490 1492 1587
1492 1588 1587
1492 1578 1588
1516 1589 1538
1538 1590 1554
1493 1591 1578
1579 1517 1496
1557 1592 1540
1520 1558 1466
1540 1592 1561
1556 1511 1593
1511 1560 1593
1560 1564 1593
1562 1594 1523
1313 1541 1595
1498 1313 1595
1498 1595 1563
1596 1565 1542
1542 1525 1596
1566 1580 1473
1580 1567 1474
1567 1597 1543
1500 1583 1568
1514 1568 1598
1570 1582 1526
1570 1477 1503
1528 1599 1501
1528 1544 1599
1570 1503 1600
1600 1503 1532
1601 1585 1545
1602 1586 1571
1547 1602 1571
1585 1603 1547
1603 1602 1547
1573 1572 1586
1604 1586 1602
1549 1605 1535
1535 1605 1550
1574 1536 1606
1606 1536 1575
1550 1607 1551
1575 1576 1606
1607 1608 1551
1553 1551 1608
1508 1577 1552
1577 1509 1587
1553 1589 1516
1589 1590 1538
1591 1493 1609
1609 1493 1517
1556 1579 1518
1520 1519 1610
1611 1521 1559
1519 1561 1592
1562 1521 1612
1566 1565 1596
1566 1613 1580
1596 1525 1581
1583 1499 1614
1401 1614 1499
1435 1614 1401
1531 1615 1616
1501 1615 1531
1501 1599 1615
1601 1545 1617
1617 1545 1546
1584 1617 1546
1600 1532 1618
1603 1585 1601
1604 1602 1603
1586 1619 1573
1533 1620 1548
1605 1621 1550
1621 1607 1550
1576 1622 1606
1576 1552 1623
1624 1577 1625
1587 1588 1626
1588 1578 1627
1578 1628 1627
1628 1578 1591
1554 1590 1629
1554 1629 1555
1629 1630 1555
1557 1555 1630
1630 1592 1557
1592 1610 1519
1558 1520 1610
1612 1521 1611
1556 1593 1631
1632 1593 1564
1595 1633 1563
1564 1563 1632
1613 1566 1596
1597 1567 1580
1634 1613 1596
1581 1634 1596
1435 1635 1614
1514 1598 1569
1570 1600 1636
1544 1637 1599
1584 1531 1616
1603 1601 1638
1532 1534 1618
1534 1639 1618
1619 1586 1604
1604 1603 1638
1533 1573 1619
1548 1640 1549
1620 1640 1548
1641 1534 1574
1549 1640 1605
1621 1605 1642
1574 1606 1641
1622 1641 1606
1622 1576 1643
1576 1623 1643
1624 1623 1577
1623 1552 1577
1625 1577 1587
1608 1644 1553
1588 1627 1626
1645 1629 1590
1609 1517 1646
1517 1579 1646
1610 1647 1558
1579 1556 1648
1592 1630 1649
1592 1650 1610
1559 1651 1611
1562 1612 1594
1523 1594 1652
1541 1523 1652
1541 1652 1595
1595 1653 1654
1595 1654 1633
1655 1583 1614
1435 1543 1635
1580 1656 1597
1613 1656 1580
1583 1657 1568
1657 1583 1655
1582 1570 1636
1658 1615 1599
1616 1659 1584
1660 1617 1584
1617 1638 1601
1619 1604 1661
1661 1604 1662
1604 1638 1662
1534 1641 1639
1640 1642 1605
1623 1624 1663
1553 1644 1664
1589 1553 1664
1590 1589 1665
1645 1590 1665
1645 1666 1629
1667 1666 1645
1668 1646 1579
1630 1629 1666
1649 1630 1666
1558 1647 1669
1558 1669 1559
1669 1651 1559
1647 1610 1650
1650 1592 1649
1648 1556 1631
1632 1631 1593
1595 1652 1653
1563 1633 1632
1597 1656 1543
1634 1656 1613
1581 1670 1634
1581 1582 1670
1527 1569 1671
1544 1527 1637
1615 1658 1616
1659 1660 1584
1636 1600 1618
1660 1672 1617
1617 1672 1638
1673 1620 1533
1619 1673 1533
1621 1674 1607
1663 1675 1643
1622 1643 1675
1643 1623 1663
1674 1608 1607
1676 1624 1625
1663 1624 1676
1625 1587 1677
1587 1626 1678
1679 1645 1665
1679 1665 1680
1628 1591 1681
1645 1679 1667
1682 1666 1667
1682 1649 1666
1650 1649 1682
1683 1648 1631
1612 1611 1684
1684 1594 1612
1685 1632 1633
1614 1635 1655
1656 1686 1543
1568 1687 1688
1657 1687 1568
1582 1636 1670
1527 1671 1689
1637 1689 1599
1689 1637 1527
1636 1618 1690
1639 1690 1618
1638 1691 1692
1672 1691 1638
1662 1638 1692
1661 1673 1619
1693 1673 1661
1662 1693 1661
1673 1640 1620
1640 1694 1642
1642 1694 1621
1641 1622 1695
1622 1675 1695
1625 1677 1676
1675 1663 1676
1677 1587 1678
1644 1608 1696
1589 1664 1665
1697 1665 1664
1628 1681 1627
1680 1698 1679
1682 1667 1679
1698 1682 1679
1591 1609 1699
1700 1699 1609
1646 1668 1700
1700 1609 1646
1701 1650 1682
1647 1650 1701
1669 1647 1701
1702 1669 1701
1703 1668 1579
1651 1669 1702
1704 1651 1702
1703 1648 1705
1703 1579 1648
1611 1706 1684
1594 1706 1652
1631 1632 1707
1654 1708 1633
1598 1568 1688
1709 1656 1634
1634 1670 1709
1671 1569 1598
1599 1689 1658
1710 1690 1639
1692 1711 1662
1712 1710 1639
1641 1712 1639
1713 1693 1662
1711 1713 1662
1641 1695 1712
1674 1621 1694
1695 1675 1676
1608 1674 1696
1678 1626 1714
1644 1696 1664
1627 1715 1714
1627 1714 1626
1680 1665 1697
1715 1627 1681
1681 1591 1716
1591 1699 1716
1701 1682 1698
1717 1701 1698
1702 1701 1717
1631 1707 1718
1684 1706 1594
1685 1707 1632
1653 1652 1719
1633 1708 1685
1635 1543 1720
1720 1657 1655
1635 1720 1655
1686 1720 1543
1686 1656 1721
1656 1709 1721
1670 1636 1709
1672 1660 1722
1673 1694 1640
1713 1711 1723
1694 1673 1724
1693 1724 1673
1713 1725 1693
1694 1726 1674
1676 1677 1727
1674 1726 1696
1664 1696 1728
1697 1664 1728
1698 1680 1729
1702 1717 1730
1702 1730 1731
1731 1704 1702
1732 1699 1700
1705 1648 1683
1611 1651 1733
1718 1683 1631
1706 1734 1652
1652 1735 1719
1653 1719 1736
1654 1653 1736
1720 1686 1721
1689 1737 1658
1636 1738 1709
1658 1739 1616
1659 1722 1660
1740 1672 1722
1741 1690 1710
1740 1691 1672
1711 1692 1723
1695 1676 1727
1724 1742 1694
1743 1725 1713
1743 1713 1723
1694 1742 1726
1693 1744 1724
1725 1744 1693
1745 1744 1725
1742 1746 1726
1727 1677 1678
1726 1746 1696
1746 1728 1696
1747 1697 1728
1680 1697 1747
1729 1680 1747
1698 1729 1748
1749 1703 1705
1704 1750 1651
1651 1750 1733
1705 1683 1751
1733 1706 1611
1752 1707 1685
1734 1735 1652
1685 1708 1752
1654 1736 1708
1657 1720 1753
1721 1753 1720
1598 1754 1671
1688 1754 1598
1657 1755 1687
1753 1755 1657
1756 1721 1709
1756 1709 1738
1616 1739 1659
1757 1739 1658
1739 1722 1659
1636 1690 1738
1741 1710 1712
1712 1695 1741
1695 1727 1758
1744 1742 1724
1745 1725 1743
1727 1678 1759
1744 1760 1742
1745 1760 1744
1678 1714 1759
1760 1761 1742
1761 1746 1742
1728 1746 1761
1715 1762 1714
1715 1681 1762
1729 1747 1763
1748 1729 1763
1764 1765 1681
1748 1766 1698
1681 1716 1764
1698 1766 1717
1766 1730 1717
1767 1731 1730
1700 1668 1732
1668 1768 1732
1704 1731 1750
1668 1703 1768
1683 1718 1769
1751 1683 1769
1719 1770 1736
1687 1771 1688
1687 1755 1771
1737 1757 1658
1738 1690 1772
1740 1722 1773
1690 1741 1772
1691 1774 1692
1692 1774 1723
1741 1695 1758
1775 1723 1774
1743 1723 1775
1760 1745 1776
1743 1777 1745
1762 1681 1765
1699 1764 1716
1703 1749 1778
1703 1778 1768
1706 1779 1734
1770 1719 1735
1688 1780 1754
1688 1771 1780
1755 1753 1781
1782 1781 1753
1721 1782 1753
1781 1783 1755
1756 1782 1721
1784 1689 1671
1784 1737 1689
1785 1738 1772
1772 1741 1786
1691 1787 1774
1727 1759 1758
1776 1745 1777
1762 1788 1714
1776 1777 1789
1761 1760 1776
1761 1790 1728
1776 1790 1761
1728 1790 1747
1790 1763 1747
1765 1764 1791
1764 1699 1792
1732 1793 1792
1732 1792 1699
1749 1705 1751
1780 1794 1754
1754 1794 1671
1771 1783 1780
1755 1783 1771
1784 1671 1794
1756 1795 1782
1737 1784 1757
1757 1722 1739
1757 1773 1722
1772 1786 1785
1786 1796 1785
1787 1691 1740
1797 1786 1741
1797 1741 1758
1759 1714 1788
1743 1775 1798
1743 1798 1777
1790 1776 1789
1748 1763 1799
1799 1766 1748
1766 1799 1730
1750 1731 1800
1793 1732 1768
1749 1801 1778
1750 1800 1733
1779 1735 1734
1752 1802 1707
1718 1707 1802
1736 1752 1708
1783 1781 1803
1782 1804 1781
1804 1803 1781
1782 1795 1804
1804 1805 1803
1795 1806 1804
1804 1806 1805
1807 1806 1795
1785 1807 1795
1756 1785 1795
1756 1738 1785
1796 1808 1785
1786 1797 1796
1758 1809 1797
1759 1809 1758
1774 1810 1775
1759 1788 1809
1762 1811 1788
1789 1777 1798
1812 1813 1789
1813 1790 1789
1813 1814 1790
1762 1765 1791
1790 1814 1763
1799 1763 1814
1791 1764 1815
1730 1799 1816
1730 1816 1767
1817 1764 1792
1767 1800 1731
1778 1793 1768
1769 1718 1802
1779 1818 1735
1819 1794 1780
1820 1784 1794
1805 1806 1821
1821 1806 1807
1757 1822 1773
1807 1823 1821
1785 1808 1807
1740 1773 1787
1808 1824 1807
1796 1825 1808
1825 1796 1797
1787 1826 1774
1797 1809 1825
1775 1810 1798
1749 1827 1801
1800 1828 1733
1827 1749 1751
1733 1828 1706
1751 1769 1829
1706 1828 1779
1735 1818 1770
1752 1830 1802
1830 1752 1736
1830 1736 1770
1820 1794 1819
1783 1831 1780
1803 1832 1783
1832 1803 1805
1822 1757 1833
1823 1807 1824
1825 1809 1834
1774 1826 1810
1812 1789 1798
1762 1791 1835
1799 1814 1816
1817 1815 1764
1767 1836 1800
1817 1792 1793
1829 1827 1751
1769 1837 1829
1838 1769 1802
1838 1837 1769
1770 1839 1830
1784 1820 1757
1820 1833 1757
1821 1823 1840
1824 1841 1823
1842 1841 1824
1824 1808 1843
1808 1825 1843
1826 1844 1810
1809 1788 1834
1811 1834 1788
1810 1845 1798
1811 1762 1835
1846 1813 1812
1814 1813 1846
1791 1847 1835
1815 1847 1791
1767 1816 1848
1767 1848 1836
1817 1793 1849
1850 1793 1778
1851 1778 1801
1779 1828 1818
1818 1839 1770
1780 1831 1852
1831 1783 1832
1832 1805 1853
1805 1821 1853
1840 1853 1821
1823 1854 1840
1823 1841 1854
1824 1855 1842
1824 1843 1855
1843 1825 1856
1834 1856 1825
1812 1798 1846
1846 1798 1845
1857 1814 1846
1814 1857 1816
1851 1850 1778
1827 1851 1801
1837 1858 1829
1859 1838 1802
1830 1839 1860
1819 1861 1820
1820 1862 1833
1833 1863 1822
1853 1840 1864
1843 1856 1855
1844 1845 1810
1865 1834 1811
1866 1811 1835
1847 1866 1835
1848 1816 1857
1815 1817 1847
1849 1793 1850
1800 1836 1867
1800 1867 1828
1868 1869 1828
1828 1869 1818
1830 1870 1802
1859 1802 1870
1820 1861 1862
1831 1832 1853
1871 1822 1863
1840 1872 1864
1822 1871 1773
1854 1872 1840
1842 1873 1841
1856 1874 1855
1856 1875 1874
1876 1875 1856
1856 1834 1876
1865 1876 1834
1866 1865 1811
1846 1845 1877
1817 1849 1878
1836 1848 1879
1879 1867 1836
1867 1868 1828
1880 1850 1851
1880 1851 1827
1837 1838 1859
1869 1839 1818
1819 1780 1852
1861 1819 1852
1833 1862 1881
1861 1881 1862
1831 1853 1882
1863 1833 1881
1864 1882 1853
1773 1871 1883
1773 1883 1787
1854 1884 1872
1854 1873 1884
1787 1883 1885
1873 1854 1841
1842 1874 1873
1874 1842 1855
1844 1886 1845
1876 1865 1887
1865 1866 1887
1846 1877 1888
1889 1887 1866
1847 1889 1866
1817 1889 1847
1890 1849 1850
1891 1868 1867
1858 1880 1829
1880 1827 1829
1837 1859 1892
1837 1892 1858
1870 1830 1860
1881 1861 1893
1852 1893 1861
1852 1831 1882
1826 1787 1885
1826 1885 1844
1877 1845 1886
1887 1894 1876
1895 1894 1887
1846 1896 1857
1889 1817 1878
1857 1897 1848
1848 1897 1879
1890 1850 1898
1850 1880 1898
1860 1839 1870
1852 1899 1893
1900 1899 1852
1901 1863 1881
1901 1871 1863
1864 1902 1882
1903 1864 1872
1884 1903 1872
1874 1904 1873
1874 1875 1904
1885 1905 1844
1905 1886 1844
1894 1875 1876
1887 1889 1895
1896 1846 1888
1906 1895 1889
1857 1896 1897
1906 1889 1878
1878 1849 1890
1868 1891 1907
1839 1908 1870
1870 1908 1859
1859 1908 1892
1900 1852 1882
1881 1893 1899
1899 1901 1881
1902 1900 1882
1864 1903 1902
1883 1871 1909
1883 1909 1885
1884 1873 1910
1873 1904 1910
1875 1911 1904
1912 1886 1905
1877 1886 1912
1877 1912 1888
1878 1890 1906
1897 1913 1879
1879 1913 1867
1914 1869 1868
1915 1880 1916
1898 1880 1915
1839 1869 1917
1892 1916 1858
1880 1858 1916
1901 1918 1871
1903 1919 1902
1871 1920 1909
1884 1921 1903
1884 1910 1921
1885 1909 1922
1910 1904 1923
1905 1885 1922
1875 1894 1911
1894 1895 1924
1867 1913 1891
1890 1898 1925
1914 1868 1907
1925 1898 1915
1917 1869 1914
1908 1839 1926
1839 1917 1926
1927 1901 1899
1871 1918 1920
1903 1921 1919
1928 1912 1905
1924 1911 1894
1929 1888 1912
1924 1895 1906
1896 1930 1897
1897 1930 1913
1906 1890 1931
1890 1925 1931
1907 1932 1914
1925 1915 1933
1926 1934 1908
1934 1916 1892
1892 1908 1934
1899 1935 1927
1900 1935 1899
1900 1902 1935
1918 1901 1927
1920 1936 1909
1921 1937 1938
1937 1921 1910
1922 1909 1936
1922 1936 1939
1910 1923 1937
1923 1904 1911
1939 1928 1905
1922 1939 1905
1940 1912 1928
1912 1940 1941
1942 1911 1924
1912 1941 1929
1943 1896 1888
1924 1906 1944
1930 1896 1943
1945 1944 1906
1906 1931 1945
1946 1914 1932
1917 1914 1946
1915 1947 1933
1915 1916 1947
1948 1926 1917
1949 1926 1948
1926 1949 1934
1934 1947 1916
1918 1927 1950
1902 1951 1935
1920 1918 1952
1936 1920 1952
1921 1938 1919
1939 1940 1928
1929 1943 1888
1924 1944 1942
1891 1913 1907
1931 1925 1953
1953 1933 1954
1925 1933 1953
1946 1932 1955
1955 1954 1956
1933 1947 1956
1948 1917 1946
1948 1946 1955
1956 1948 1955
1956 1949 1948
1947 1949 1956
1947 1934 1949
1918 1950 1952
1902 1919 1951
1952 1957 1936
1938 1937 1923
1939 1936 1958
1958 1940 1939
1923 1911 1959
1958 1941 1940
1960 1941 1958
1961 1941 1960
1959 1911 1942
1961 1929 1941
1961 1943 1929
1962 1930 1943
1913 1930 1962
1945 1931 1953
1913 1963 1907
1932 1907 1963
1932 1964 1955
1964 1954 1955
1933 1956 1954
1927 1965 1950
1958 1936 1957
1966 1938 1923
1959 1967 1923
1967 1959 1942
1968 1945 1969
1968 1944 1945
1945 1953 1969
1970 1953 1954
1964 1970 1954
1927 1935 1965
1919 1971 1951
1952 1950 1972
1938 1971 1919
1957 1952 1972
1957 1972 1958
1958 1972 1973
1966 1923 1967
1958 1973 1960
1967 1942 1974
1960 1975 1961
1942 1944 1968
1974 1942 1968
1961 1975 1976
1943 1961 1976
1962 1943 1976
1963 1913 1962
1970 1969 1953
1963 1977 1964
1964 1932 1963
1970 1964 1978
1951 1979 1935
1951 1971 1979
1980 1972 1950
1981 1966 1967
1960 1973 1982
1981 1967 1974
1982 1975 1960
1974 1968 1983
1968 1969 1983
1963 1962 1976
1984 1970 1978
1969 1970 1984
1977 1978 1964
1965 1935 1985
1985 1935 1979
1950 1965 1985
1938 1966 1986
1972 1980 1973
1981 1974 1983
1975 1982 1987
1987 1976 1975
1963 1976 1988
1980 1950 1985
1971 1938 1986
1980 1989 1973
1973 1989 1982
1986 1966 1990
1981 1990 1966
1983 1990 1981
1987 1982 1991
1992 1969 1984
1983 1969 1992
1988 1976 1987
1977 1963 1988
1979 1993 1985
1993 1980 1985
1979 1971 1994
1994 1971 1986
1982 1989 1991
1983 1992 1990
1991 1988 1987
1988 1995 1977
1992 1984 1996
1977 1996 1978
1995 1996 1977
1984 1978 1996
1979 1994 1993
1993 1994 1997
1994 1998 1997
1994 1986 1998
1986 1990 1998
1990 1992 1998
1999 1988 1991
1989 1980 1993
1989 1993 2000
1997 2000 1993
2000 1999 1989
1989 1999 1991
1995 2001 1996
1992 1996 1998
1995 1988 1999
1997 2001 2000
2001 1999 2000
2001 1997 1998
2001 1995 1999
1998 1996 2001