1.04211 -11.8296 -63.3425
3.07197 -12.6086 -63.297
1.03954 -12.989 -62.8219
5.54377 -11.7438 -62.6631
4.66665 -12.6626 -62.9194
3.11436 -11.1412 -63.4223
1.52673 -10.3956 -63.2522
3.91943 -13.7561 -62.5511
6.33876 -13.9857 -62.2871
-0.0567804 -11.8488 -62.5127
-0.0669078 -10.464 -62.3594
5.98306 -9.57646 -61.8119
0.240826 -8.75608 -61.9029
2.10464 -8.40056 -62.4565
3.36224 -8.93201 -62.5826
6.02905 -15.2595 -61.5188
0.335237 -14.2263 -61.2335
7.67574 -11.6554 -62.0763
8.99323 -11.3638 -61.9352
10.635 -9.06634 -61.9361
14.0136 -8.60991 -61.9828
1.15909 -7.86399 -61.8272
5.22981 -16.3591 -60.4686
2.44942 -14.8304 -60.8594
9.39107 -14.2076 -61.0122
8.86513 -12.3714 -61.7213
-1.41514 -13.638 -60.7245
11.1585 -11.0641 -61.8864
7.21076 -9.58383 -61.6841
15.4411 -11.6942 -61.0781
13.8869 -11.3248 -61.5612
15.5395 -8.99068 -61.7005
4.43007 -6.54228 -60.7461
10.4957 -8.08853 -61.5449
14.3045 -7.47364 -61.5821
3.05842 -5.93335 -60.4781
8.51303 -15.6165 -60.5869
0.937872 -16.1536 -59.3598
-0.945005 -14.7429 -60.439
11.2917 -13.7522 -60.7874
-2.19072 -11.6531 -60.0591
-1.6568 -9.06769 -60.2552
5.9837 -7.51284 -60.8443
7.83104 -6.46533 -60.3632
17.8386 -7.47901 -60.3162
10.5095 -6.26181 -60.4288
16.9812 -6.25393 -60.0328
1.87101 -5.72995 -59.9589
7.70606 -16.7678 -59.8094
11.7804 -16.033 -60.1517
14.2913 -15.509 -60.0885
18.4822 -9.12859 -60.1178
14.148 -6.69124 -60.9933
12.8005 -4.89695 -59.3858
9.41132 -16.3817 -59.9826
16.3477 -16.5512 -58.9743
18.0815 -11.9334 -59.7838
19.4654 -6.4565 -59.6123
7.1 -4.30684 -59.3973
10.344 -4.58436 -59.3961
14.8653 -4.65302 -59.0289
4.628 -3.80984 -59.7753
3.36083 -4.53231 -59.7816
5.16358 -17.4716 -59.218
11.7053 -17.6172 -59.3306
14.4496 -17.1371 -59.1776
-1.68432 -15.2574 -59.1449
0.159901 -16.0894 -58.8636
-2.86711 -14.5068 -58.7517
18.6231 -14.5472 -58.5004
-3.48211 -13.5121 -58.8853
-3.42071 -11.5112 -59.3335
21.054 -11.4892 -59.1323
-2.90376 -9.23442 -59.3887
21.3662 -9.34187 -59.439
-2.65007 -7.82849 -58.9711
20.9788 -7.18276 -59.3389
-0.82501 -6.0368 -58.698
8.24112 -4.07843 -59.0569
2.29597 -4.04836 -59.1721
3.83303 -2.15735 -58.5192
5.15535 -2.74783 -59.1214
8.60664 -18.656 -57.5094
21.3819 -14.3243 -57.6274
-4.81881 -11.3283 -59.1182
-4.31143 -8.94838 -58.8876
23.6729 -9.32829 -58.3694
0.239341 -4.68455 -58.3722
18.3819 -4.60068 -58.8295
10.9136 -3.97936 -59.0752
13.4831 -4.07163 -58.7665
2.41898 -17.4747 -58.2037
6.24331 -18.7828 -57.6079
11.7419 -18.7678 -58.246
16.879 -17.7967 -58.1477
-4.97733 -13.0006 -58.6044
-6.72854 -13.1886 -58.3191
-6.22197 -11.6868 -59.0964
-7.60459 -11.7721 -58.5565
24.7199 -11.5114 -57.6729
23.1743 -14.1195 -57.0514
-7.74195 -9.53694 -58.2299
-6.3231 -8.9765 -58.6211
-3.53798 -7.05442 -58.2606
22.9859 -7.70182 -58.2801
19.2781 -4.17147 -58.511
16.6649 -3.86285 -58.575
8.14265 -2.74867 -58.0894
13.7299 -1.80458 -56.6772
5.00512 -1.65288 -58.1711
14.8772 -18.9153 -57.2462
1.45047 -17.2296 -57.6696
18.1061 -16.4388 -58.2777
-0.567052 -15.8784 -56.7571
-2.36272 -15.2031 -58.0583
-4.20814 -14.362 -57.76
-8.42946 -7.72681 -57.3171
22.9964 -4.69027 -56.6181
-0.786212 -4.06821 -57.6483
-0.291717 -3.05888 -57.0677
18.327 -1.69123 -57.0327
19.7166 -1.52906 -56.5425
10.2926 -1.91153 -57.3927
11.8972 -20.8541 -55.7095
6.21748 -19.571 -56.0276
21.309 -17.7113 -57.298
20.0732 -18.6995 -57.1273
21.6354 -16.5919 -57.4555
21.5585 -15.9547 -57.4245
-2.96987 -15.3352 -56.9973
-8.04092 -13.3119 -57.494
-10.8382 -11.6062 -56.3907
-10.3653 -9.11384 -56.6935
25.906 -8.37445 -56.5012
-7.70978 -6.34261 -56.8474
-6.24998 -4.11113 -55.9865
22.7065 -3.50722 -56.3189
-0.345507 -1.66631 -55.7581
16.5187 -0.0641532 -55.8115
18.0531 -19.6746 -56.7832
0.378803 -16.6092 -56.4041
-7.5066 -14.9053 -56.0723
-10.5774 -13.2881 -55.9076
26.5768 -11.3349 -56.8392
-10.7705 -7.66832 -56.2494
9.22486 0.0747777 -55.8858
4.87948 0.29021 -55.8294
7.18561 0.764596 -55.1541
17.5493 -21.0402 -55.4549
8.47865 -19.7586 -55.7532
14.6972 -20.9455 -54.8525
21.6205 -19.9402 -55.8544
24.3178 -16.6194 -56.4147
-1.03256 -16.0906 -55.7814
25.9149 -14.4489 -56.333
25.7196 -16.5705 -56.0063
28.0205 -12.805 -55.8149
11.9175 0.48141 -54.8937
2.57906 0.323566 -55.3247
22.9212 -19.0747 -56.0204
4.87432 -19.1749 -54.7056
3.09744 -18.1313 -55.0564
25.6216 -19.676 -54.8416
-5.42236 -15.924 -55.7366
-3.02215 -16.342 -55.7104
-12.4505 -12.3511 -55.0923
30.1838 -11.5814 -54.8976
29.4047 -10.6158 -55.1552
-12.5712 -9.53128 -55.0474
-10.5994 -5.92001 -55.6791
-9.41014 -3.51413 -54.9811
27.1317 -6.70489 -55.0182
-3.7412 -2.48414 -55.4549
21.8122 -0.186513 -54.5508
17.8519 -0.104572 -55.8264
20.2489 -20.8643 -55.1119
9.09902 -20.1255 -54.9813
0.235285 -16.8786 -55.2773
-5.62263 -16.514 -55.348
-8.06413 -16.3972 -54.7816
28.2539 -14.662 -55.1463
28.1174 -16.7982 -54.8881
-6.3394 -2.97034 -55.2173
-0.419016 -0.243698 -54.2631
11.4748 -21.4491 -54.1051
12.0486 -21.3369 -54.7555
17.7718 -22.1778 -53.6299
23.3884 -21.4949 -54.4021
25.2192 -20.9564 -54.2999
-0.606722 -17.0503 -54.5906
30.4707 -12.8218 -54.6569
-12.7668 -14.0728 -54.2042
30.2776 -9.43623 -54.0102
26.0862 -3.96338 -53.9364
13.7647 0.898251 -54.3519
17.0828 0.637915 -54.9852
20.6275 0.795214 -53.8583
3.60391 0.994946 -54.4215
9.04548 1.41436 -53.9682
19.9108 -22.0449 -53.4169
22.7043 -22.4053 -53.3046
8.47594 -20.0216 -53.0816
5.9961 -19.6801 -54.0198
28.1093 -18.8415 -54.0228
-7.88652 -17.8581 -53.6599
30.7318 -16.1012 -54.1444
-11.6531 -16.3766 -52.9164
-14.2354 -7.78549 -54.0961
-13.2709 -6.66084 -54.5093
-12.7493 -4.564 -53.8196
-8.24547 -1.13379 -53.6677
23.52 -0.84556 -53.9416
-4.58815 -0.999805 -53.8225
14.6913 -21.4365 -53.7426
12.5175 -21.6004 -53.6608
3.90935 -19.2559 -53.4583
-5.08431 -20.0895 -51.7889
-3.21987 -18.8778 -53.2955
-14.6574 -12.3827 -53.4145
-14.9224 -5.80524 -53.6186
-11.044 -0.527173 -52.1938
-2.69649 0.329706 -52.6079
22.5105 0.344337 -53.4921
0.352534 0.781482 -53.1763
11.7591 1.96373 -53.1657
15.4456 1.58685 -53.4438
17.3504 1.5466 -53.1015
23.7635 -22.3037 -53.1997
25.6017 -21.5831 -53.0843
6.01798 -20.1445 -52.4341
-0.5792 -19.4008 -52.2857
-9.81606 -17.812 -52.9891
30.8238 -17.964 -53.2827
32.32 -16.8237 -52.741
32.683 -14.4299 -53.0626
32.4507 -11.7329 -52.8548
-16.652 -11.762 -52.1617
28.4595 -4.63088 -52.5411
5.37845 1.45977 -52.7916
14.8912 -21.6297 -52.8525
11.5754 -21.3739 -52.1541
28.0361 -20.0481 -52.7161
30.5091 -18.9073 -52.4679
-9.02568 -19.5882 -52.0064
-14.4265 -14.8805 -52.3429
-15.6448 -13.9415 -52.1754
33.9209 -13.184 -51.9318
32.6816 -9.81208 -51.8592
-18.5468 -8.92217 -51.9845
-16.9344 -6.7715 -52.9194
-15.8404 -3.37742 -52.4194
26.2006 -1.32625 -51.9114
-9.85862 0.104108 -52.13
-6.37647 0.756765 -51.994
0.470858 1.06297 -52.4297
20.093 -22.9888 -51.0392
23.0196 -23.3263 -51.1166
13.8486 -21.4506 -50.7808
2.34878 -20.4222 -51.7847
-10.9616 -19.4804 -51.3073
34.0097 -15.6725 -51.6437
31.4551 -7.45934 -51.8728
-17.258 -4.92739 -52.4367
28.3155 -2.39927 -51.1752
24.5761 0.942525 -50.6996
22.615 1.25913 -51.4375
8.52656 2.5847 -51.2576
10.1005 2.93685 -51.1638
13.7174 2.68063 -51.7604
24.3352 -22.9695 -51.1696
17.6955 -22.8753 -51.3703
25.5288 -22.0772 -51.4232
8.86185 -20.5074 -51.8246
27.391 -20.9975 -50.6164
8.27933 -20.9491 -50.7591
-8.90791 -20.6892 -50.9402
32.7536 -17.6455 -51.27
35.2717 -10.7855 -50.1718
-18.9549 -6.58747 -51.8068
-20.8384 -5.42732 -50.4725
1.11788 1.51277 -51.2856
15.1272 -21.7335 -50.6744
6.3212 -22.1314 -49.548
11.6241 -21.544 -50.8371
-2.88978 -22.047 -49.182
-0.59003 -20.9029 -50.3201
-14.124 -17.3141 -49.9929
-18.2375 -12.1999 -51.3627
33.2082 -8.59527 -50.6172
-17.462 -3.70887 -51.8119
31.6305 -5.55774 -50.2342
-13.7104 0.176982 -50.7458
26.4211 -0.0619854 -50.3177
-11.4999 1.16013 -50.4365
-9.42718 1.12736 -50.7749
-3.26336 0.929468 -51.3922
-2.34341 1.55456 -49.7418
20.7777 1.75138 -50.9266
6.91488 2.60508 -50.5812
2.19458 2.56932 -49.2601
21.5005 -23.5153 -50.334
10.7236 -21.8853 -49.7466
35.1518 -16.4081 -49.9692
-18.1717 -14.5772 -50.0051
-19.1818 -13.3589 -50.2707
35.8305 -14.508 -49.7851
-21.2877 -10.1497 -50.8839
-21.3234 -7.11591 -50.5786
16.9327 3.17605 -49.6351
12.1106 4.39216 -49.3896
23.9097 -24.2152 -50.0075
25.0044 -23.6306 -49.5596
17.5448 -22.9069 -49.681
2.31974 -21.8014 -49.6398
-6.13319 -21.2237 -50.1477
-11.3871 -20.7847 -49.3201
31.765 -18.89 -49.5271
-17.4717 -15.9738 -49.0424
36.4019 -13.172 -49.2422
-21.3813 -11.6403 -50.2904
-16.9223 0.822042 -49.262
-13.7737 1.81484 -49.341
-6.46238 2.26585 -49.4274
23.4983 2.19144 -49.2127
21.8719 -24.0677 -49.8233
19.9231 -23.3098 -48.7877
15.2114 -22.1347 -49.2732
27.1912 -21.9056 -48.8481
11.9357 -22.0074 -49.9034
-10.222 -21.2651 -49.3623
29.5021 -20.6939 -48.8515
-13.8672 -18.8903 -48.8223
34.4186 -17.5411 -49.3782
-23.9764 -11.2962 -48.0816
-22.8057 -10.1322 -49.6042
33.5537 -7.86435 -49.5075
-21.0918 -2.4152 -48.812
28.7012 -1.83728 -49.587
8.7113 3.08635 -49.827
22.9247 -24.7436 -48.7669
24.9397 -24.075 -48.8473
14.1377 -22.2955 -48.8966
-7.62517 -22.0809 -48.3748
-1.27681 -22.3072 -48.7397
37.4123 -11.7106 -48.0562
36.1626 -9.98813 -48.5905
-22.9527 -6.65002 -48.9329
-19.5814 -1.22486 -49.1269
24.6675 1.87477 -48.6197
-7.98389 2.68704 -47.9952
-0.780882 2.34799 -48.4764
20.766 2.98318 -48.5015
10.5257 4.48017 -48.4636
15.493 4.1485 -48.5983
23.7656 -24.6624 -48.1784
17.5421 -23.2136 -48.7048
0.0918432 -22.4215 -48.7187
3.67218 -22.5049 -48.9673
8.47099 -23.3731 -47.8233
12.3382 -23.0631 -48.7304
-6.61609 -22.2496 -48.4361
-15.7768 -18.3781 -47.6199
35.2333 -16.6371 -48.7785
36.1627 -15.044 -48.7253
-20.3744 -14.0538 -48.395
-23.7602 -12.375 -47.5535
33.0821 -6.29421 -48.0127
-23.2392 -4.86049 -48.2887
32.1216 -5.20403 -48.0116
25.8065 1.07626 -48.3988
-3.30188 2.43596 -47.8063
6.82549 3.06698 -47.605
20.3427 -24.09 -47.9104
20.8008 -24.7137 -46.8958
25.598 -23.328 -48.2921
1.14 -23.5242 -48.049
2.81655 -23.9956 -48.0581
11.9534 -24.0858 -48.2421
19.2536 -23.651 -47.9864
6.07256 -23.4874 -48.1713
-4.27787 -22.9612 -47.7518
-13.812 -19.6842 -47.6338
29.4047 -20.7771 -46.8812
31.8684 -18.7498 -47.976
-19.3242 -15.6278 -47.8099
36.9371 -13.9946 -47.9912
-10.5231 2.68124 -48.343
0.00269314 2.63856 -47.6557
5.37591 2.81131 -47.1888
8.65695 4.27309 -46.7596
14.3646 4.86805 -47.3344
5.79037 -24.0841 -47.8832
8.50862 -24.0789 -47.3939
17.6136 -23.798 -47.9734
14.9393 -23.3696 -47.7987
-1.46182 -23.2004 -47.1945
27.2306 -22.2217 -46.9969
-11.2598 -21.456 -46.6865
34.6925 -16.909 -48.0005
-18.6592 -16.7784 -47.4892
36.0887 -14.9841 -47.657
37.8658 -12.7398 -47.3699
-25.1562 -9.13954 -46.7918
-25.2054 -6.82017 -46.8627
-25.1612 -2.63225 -46.2174
28.3757 -1.38885 -45.4813
-21.0599 0.794258 -47.4453
-17.3727 2.6014 -47.6829
-16.2001 3.58886 -47.1009
-14.165 4.57509 -46.1653
3.7718 2.71816 -46.5223
22.0123 3.21266 -47.164
19.4908 4.37337 -46.818
21.9335 -25.0193 -46.721
23.016 -24.9251 -46.3627
3.26824 -24.9783 -47.1177
0.862514 -24.2699 -47.3724
24.8319 -23.6716 -46.5056
14.7329 -24.0751 -47.4214
-6.80006 -24.0615 -46.2964
-8.8286 -22.2329 -47.0919
32.3912 -17.8528 -46.4319
-23.469 -13.5877 -46.0244
38.1549 -11.5686 -46.4822
35.3644 -7.90207 -46.1207
-23.3181 0.984097 -46.0465
-9.25691 3.30523 -47.3115
12.6694 4.98023 -46.813
16.3269 5.1273 -46.2353
10.8631 -25.9674 -45.9801
11.948 -26.5035 -45.3534
-5.69568 -23.9229 -46.301
-4.25867 -23.334 -46.7092
-13.4565 -20.4201 -45.7327
-17.164 -18.8268 -45.7056
-19.445 -16.8986 -46.4371
34.5431 -15.2978 -46.3047
-21.5589 -15.077 -45.3176
36.5794 -14.2963 -46.612
-25.0668 -5.00331 -46.9311
33.8015 -6.09788 -46.3231
30.5188 -3.37633 -45.6864
-20.6691 2.64566 -46.4065
23.51 2.78971 -46.2779
-3.54128 3.0279 -45.7345
-12.264 5.87853 -45.0002
11.2591 4.97375 -45.9123
1.54663 -25.2205 -45.9487
4.07274 -25.8042 -45.9192
6.21089 -26.1567 -46.1312
14.4803 -25.6974 -45.7109
17.6405 -26.4828 -45.3557
19.9668 -26.3759 -45.0118
-1.30496 -23.7903 -45.6462
-1.87762 -23.3397 -45.976
-2.90424 -23.0551 -45.489
28.5519 -21.5622 -45.8079
33.791 -16.142 -45.7466
-20.5061 -15.911 -45.5561
38.1757 -13.2026 -45.7733
-25.9344 -11.7528 -44.4029
-26.5167 -9.78624 -44.8206
32.2082 -4.3531 -45.0984
1.02048 2.83912 -46.1688
-19.6721 4.21562 -45.4208
22.2585 4.02972 -45.1578
8.66433 -26.4941 -45.3491
25.012 -23.923 -45.7036
-8.03923 -24.2331 -45.2157
27.0663 -22.8077 -45.6777
-11.5821 -21.7595 -45.7208
30.7069 -19.7294 -45.645
37.2583 -14.0895 -45.3864
36.4269 -8.93711 -45.0834
-27.5826 -7.26563 -44.4331
-26.6485 -2.95073 -45.1434
-23.361 3.19576 -44.6511
24.1271 2.57174 -45.153
-7.2079 3.58142 -45.9394
-10.5668 5.64882 -44.9568
7.11545 4.41071 -44.8051
13.8186 6.11505 -45.1685
15.3053 6.44441 -44.4317
6.17004 -26.9097 -45.0298
21.9523 -26.8583 -44.1628
0.342164 -25.1041 -43.9701
-7.04441 -24.4319 -45.1532
-9.69888 -23.6184 -44.3739
-4.73523 -23.316 -45.0921
-3.76692 -22.7197 -44.2807
-15.6057 -20.3973 -43.7069
33.6421 -16.5768 -45.2433
-20.0531 -16.6892 -45.0277
34.7955 -15.181 -45.1903
-24.9904 -12.9358 -44.6289
37.3142 -10.1478 -43.8663
-27.7002 -4.83416 -44.5713
26.4895 0.594225 -44.1447
0.739095 3.22132 -45.3066
21.2814 4.83632 -43.6062
-17.8705 5.39307 -44.3563
3.47286 -25.8262 -44.336
22.8298 -26.6524 -43.8176
24.8127 -25.2172 -43.867
-6.5607 -24.3374 -44.3627
27.3504 -24.2386 -43.3581
-17.5509 -19.1207 -44.1533
-21.2105 -15.8118 -44.0882
38.2012 -13.6143 -44.1166
38.4036 -12.797 -43.9189
38.2341 -11.692 -43.3399
-25.0955 1.94348 -44.2478
4.27113 3.27987 -44.3413
-3.4924 4.37572 -43.6067
-5.7439 5.05086 -43.2762
9.11931 5.0134 -43.5161
17.5304 6.10506 -43.5837
7.34295 -27.1317 -44.2794
11.7698 -27.0593 -44.3353
14.4729 -26.8214 -44.0101
-7.98048 -24.5162 -43.8355
-9.45912 -24.1619 -43.3987
-12.8353 -22.8227 -43.4789
34.2564 -17.1012 -43.383
37.374 -14.7744 -43.6116
29.0309 -1.62771 -44.2637
2.95633 3.33098 -44.0756
0.195321 4.50493 -43.2853
5.01603 4.31158 -42.2838
11.7597 6.35677 -43.2874
14.1362 6.66519 -43.7968
7.3433 -27.2202 -43.5121
5.75402 -26.8051 -43.8799
17.3683 -27.2417 -43.6471
19.3779 -27.3513 -43.4125
21.3078 -27.4325 -43.225
-0.899461 -24.4356 -42.1469
-2.92661 -22.6862 -43.0632
-18.6065 -18.7477 -42.5913
35.7421 -16.0774 -42.729
-23.3532 -15.0222 -42.7934
-24.7937 -14.5111 -42.1328
36.8547 -9.06986 -42.9613
36.077 -6.58975 -43.0859
34.8228 -5.57333 -43.8727
30.9004 -2.1895 -42.4793
23.5661 3.59747 -42.2773
-25.2916 3.52651 -42.7126
-23.3818 4.17085 -43.6035
-14.7914 6.92252 -42.7522
-8.59883 6.52382 -42.8706
11.1635 -27.2655 -43.2796
13.6596 -27.0576 -43.0146
3.43752 -25.4368 -42.4732
0.6121 -25.1839 -41.9921
-3.92422 -22.3844 -42.1339
-5.14584 -22.666 -42.8169
31.5796 -20.2173 -43.0387
-20.2609 -17.0039 -41.8162
-25.9039 -13.3704 -42.8798
38.6982 -13.0604 -41.9207
-29.4109 -5.26102 -42.6276
33.1691 -3.56057 -42.0706
-29.4382 -2.977 -42.0465
20.124 6.11713 -41.9163
-10.3518 7.20579 -42.4681
15.1631 -27.179 -42.1114
8.00161 -26.8145 -40.1853
24.5104 -25.7628 -42.657
-8.61354 -24.455 -42.6345
-7.60875 -24.084 -41.9909
-13.6214 -22.7915 -42.2847
-16.1252 -20.5022 -42.4901
-27.7683 -12.6428 -42.1894
-28.6404 -11.1477 -42.2291
-28.5642 -0.141088 -41.7819
3.24524 4.14207 -42.2299
21.6814 4.96051 -42.4647
-21.9208 6.19612 -41.7931
-20.4367 7.29308 -41.3884
17.0929 6.59587 -42.179
20.8518 -28.6607 -40.7183
9.73023 -27.2869 -40.9369
18.1071 -27.4461 -42.0679
22.5194 -27.3862 -41.9874
6.36351 -25.8665 -40.0324
-5.02164 -22.3916 -41.8196
-17.8327 -19.7712 -41.189
34.4032 -17.4044 -41.9015
-21.1949 -16.0482 -41.8617
38.5761 -14.2686 -41.2067
27.451 1.08825 -41.5968
-27.4162 2.01764 -41.5922
-2.2054 4.72529 -42.3465
7.29449 4.90429 -40.9379
-6.45245 6.47314 -41.3311
19.1805 6.59315 -41.2637
-18.5027 7.98703 -41.1658
16.562 6.68652 -41.001
-9.21253 8.03971 -40.6461
12.5362 -26.6119 -40.7359
27.1429 -24.823 -41.0839
28.0661 -24.0163 -41.1579
-11.2112 -23.8927 -41.6379
-9.93935 -24.5995 -40.8715
-6.38976 -22.656 -40.6729
31.1217 -21.0087 -40.84
-21.894 -15.9152 -40.7983
37.9819 -15.1102 -40.9076
-27.6365 -13.849 -40.9561
37.793 -10.7583 -39.1526
-30.3077 -8.30116 -40.6783
33.6476 -3.43498 -40.4084
35.3624 -5.61748 -42.0008
2.74002 4.52766 -41.1479
-1.69644 5.00793 -40.9585
9.33588 6.13031 -40.3997
10.8285 6.5934 -40.7676
9.25634 -27.0851 -39.8184
24.4708 -26.1635 -41.0171
-8.94556 -24.6319 -40.5923
-0.356586 -24.5486 -40.7126
-1.80893 -23.5184 -40.9422
-4.56245 -22.0639 -40.6594
-3.17275 -22.4865 -40.5953
-15.717 -21.1719 -40.4674
-19.493 -19.1052 -39.6412
36.0671 -16.3512 -40.7379
-25.4894 -15.3892 -40.088
-28.6233 -12.8488 -41.0042
-29.3012 -11.2528 -41.142
38.8167 -12.0596 -39.7436
36.3465 -7.56949 -40.0009
-30.749 -4.52535 -40.6553
30.3118 -1.40331 -41.3359
25.1824 3.21734 -40.3358
-3.28635 6.23285 -39.6642
-10.6385 8.05496 -41.143
22.2576 -28.7122 -39.9344
18.0511 -27.5501 -39.9492
-13.0053 -23.0575 -39.5594
34.4106 -17.763 -40.313
-20.7841 -17.045 -40.3324
34.8978 -4.83699 -39.9869
-30.6623 -2.36634 -40.0893
-28.0486 2.56599 -40.0406
22.6752 4.95278 -39.9986
-26.7296 4.63142 -39.0779
13.9649 6.69657 -36.9258
-19.7285 8.25454 -40.3033
-17.9407 8.38738 -40.4302
20.8171 -28.9626 -39.5817
24.428 -27.3543 -39.2109
10.229 -27.0583 -39.6822
13.3456 -26.3074 -38.8581
5.00249 -25.3526 -39.7923
1.70552 -25.1198 -39.8937
-11.5753 -24.0212 -39.2358
-23.4642 -16.0375 -39.1831
39.5051 -13.5508 -39.4315
-30.5968 -10.1371 -39.0525
37.078 -9.68655 -37.0428
-31.8299 -7.0524 -38.8524
30.9877 -1.76601 -39.099
27.2307 1.56025 -40.2289
-29.5133 1.43241 -39.1539
3.44634 4.86519 -39.2998
6.24134 5.04083 -39.8043
20.5103 6.34582 -39.3222
-7.36868 8.44608 -37.8588
-10.6607 8.47307 -40.2754
12.4233 -26.3015 -39.3804
15.5964 -27.1474 -39.1498
-8.56212 -24.1938 -39.4191
-9.98372 -24.4039 -38.677
27.2775 -26.091 -38.7225
-1.56919 -22.2914 -38.7009
29.3857 -24.0254 -38.6183
-6.37981 -22.1671 -39.3062
-2.93194 -21.4414 -37.745
-15.9211 -21.2859 -38.6793
-22.1846 -16.633 -39.1721
-26.9185 -15.348 -38.7382
-29.1966 -13.2931 -38.2414
-31.4553 -9.07882 -38.5553
-32.1692 -2.94864 -38.3968
-23.7018 6.70737 -39.6584
10.0742 6.67341 -37.7545
19.062 6.67868 -37.751
-21.7716 8.13599 -39.3523
-9.37727 8.52307 -39.3362
22.2624 -28.8802 -38.6648
0.605963 -23.9681 -38.6072
-10.7327 -24.4234 -38.6016
30.9953 -22.1673 -38.1673
-17.9298 -20.4485 -38.8777
38.1548 -16.7496 -38.4786
39.2446 -15.0882 -39.165
-32.0418 -4.69499 -38.9393
24.3022 4.35531 -38.3856
2.45517 5.10151 -38.8221
2.33591 6.08809 -37.215
7.61624 6.0971 -38.6695
8.83622 6.3703 -38.7647
-3.99981 7.22953 -37.4999
-19.7134 8.98118 -38.3931
24.3935 -27.6824 -38.2607
6.49828 -24.9744 -37.868
2.07212 -24.2836 -38.0756
-12.0714 -23.8757 -38.7825
-14.4461 -22.1459 -38.1112
-5.23137 -21.3025 -37.4638
33.7769 -19.85 -37.75
-20.1779 -19.2114 -38.4894
35.192 -18.343 -38.1451
-28.8984 -14.6152 -36.8662
36.09 -5.68293 -37.2543
-28.947 3.00321 -38.735
21.1653 -28.7801 -38.2444
17.8217 -26.8899 -37.9951
19.5848 -27.5586 -37.797
15.6486 -26.5464 -37.5945
8.75013 -26.1261 -37.8455
26.6424 -26.7502 -37.7038
10.347 -25.5619 -36.2806
4.81914 -24.1119 -37.4021
-9.58186 -24.1324 -37.9006
39.6647 -14.7912 -37.6424
39.2945 -15.9208 -37.5302
39.2356 -13.094 -37.4656
34.6452 -4.01064 -37.2622
-31.9725 0.094863 -36.6678
-27.0888 5.28386 -38.0699
4.0735 5.87709 -37.514
-2.42281 6.66875 -38.1409
22.1755 6.16774 -37.3358
-24.0345 8.27724 -37.4865
-11.2382 9.01209 -38.2493
12.1739 -25.495 -37.0269
1.43118 -23.5273 -37.515
0.0682229 -22.7692 -37.1782
29.7241 -23.9261 -37.3944
-7.66044 -22.1371 -37.4679
-18.2105 -21.0001 -37.617
-24.1716 -17.2037 -36.5849
-25.4357 -16.2784 -36.7907
36.4787 -6.6502 -36.9908
29.6979 -0.706246 -36.6192
26.0451 2.66718 -34.844
-30.8278 2.82327 -36.9448
-4.7396 8.06894 -36.4877
-22.9148 9.98357 -34.835
-9.05621 9.12881 -36.9016
24.1749 -27.7198 -37.2778
14.1974 -25.6803 -36.5296
27.7515 -25.9542 -37.4714
4.13884 -23.4502 -36.8298
-13.4622 -23.4029 -37.2998
-15.3756 -22.092 -37.1344
-21.7582 -19.8214 -36.6522
38.1972 -17.1533 -37.1258
35.2756 -18.5784 -36.9969
-31.1095 -12.6009 -36.0257
-32.8876 -9.65542 -36.5695
-33.8706 -7.86321 -36.1154
31.3794 -2.12633 -36.5421
-29.3429 6.61421 -35.4619
23.2519 5.41696 -36.397
6.63119 6.60991 -36.8651
-25.9501 7.83145 -36.6642
20.9454 6.60234 -36.7849
21.9283 -27.8739 -36.6458
22.8975 -27.3475 -35.0857
-12.2409 -24.865 -35.9859
-11.2182 -24.8578 -36.5528
-14.4887 -23.8936 -35.4498
4.84061 -23.4448 -35.9894
-7.98287 -22.5702 -36.5336
-6.20205 -21.6312 -36.6436
-0.955906 -22.2017 -36.5376
-19.7747 -22.5382 -35.1877
-28.0586 -15.6167 -35.4056
37.0547 -9.80501 -35.714
-30.4093 5.3769 -35.4826
4.06023 6.51434 -36.2069
1.31998 6.50802 -36.6282
12.1009 6.71521 -34.6034
16.5103 6.78144 -35.9254
-1.31043 6.90195 -35.6316
-19.3314 10.0073 -36.1197
-12.3907 9.78231 -36.6653
25.2307 -27.267 -35.0892
18.8033 -25.7588 -36.3605
8.85799 -25.506 -35.2733
7.80713 -25.2894 -35.8807
17.4339 -24.9196 -35.7896
-13.4019 -24.6749 -35.0731
29.8016 -23.9094 -34.9176
-9.35476 -24.067 -36.0806
0.568181 -22.4081 -35.809
2.20357 -22.8929 -36.0395
-2.11705 -22.0546 -35.8561
31.9574 -21.5977 -34.7471
38.3885 -16.5389 -34.7631
38.5586 -15.4251 -34.3093
-33.6939 -11.3988 -34.3967
-33.8508 -3.48032 -35.7436
22.2685 6.05403 -36.112
6.33687 6.679 -35.6317
19.1023 6.67621 -34.5158
-5.37771 8.51186 -35.8515
-25.3143 9.11919 -35.4946
-6.28346 8.97641 -33.4213
-10.499 10.0392 -35.5454
21.5013 -26.786 -34.9539
15.2661 -25.3092 -35.64
14.6682 -25.3478 -34.9301
-9.74984 -24.3197 -35.0516
-15.6601 -23.357 -35.1294
-18.7621 -22.8921 -35.0737
-16.9092 -22.8748 -35.484
-6.73833 -22.4204 -35.8131
-5.24823 -21.9096 -35.9893
-0.525751 -22.2169 -35.0592
35.51 -18.3528 -32.8284
-24.7122 -17.538 -35.3364
37.682 -17.3485 -34.9223
38.4904 -12.915 -35.2821
-34.1445 -5.30336 -35.846
36.23 -6.34296 -35.9268
34.565 -4.40599 -35.8719
32.2268 -3.02481 -34.9436
-28.0986 8.16901 -35.0293
9.2597 6.70033 -34.293
20.229 6.46188 -34.389
-2.71529 8.23987 -33.98
-16.224 10.1767 -35.3415
18.7565 -24.854 -34.9682
13.2437 -25.3649 -34.7713
-11.8168 -24.8453 -34.8599
-8.73258 -24.1214 -34.8987
-8.08044 -23.6812 -35.3575
2.80391 -22.8946 -34.9682
-3.79059 -22.5555 -35.1809
-21.1043 -21.9987 -34.5757
-30.3053 -13.9472 -34.9675
-34.5553 -9.93514 -34.3069
-35.0986 -7.91563 -34.1297
31.2535 -2.36663 -33.5658
29.1712 -0.250638 -31.5341
-32.0766 4.15784 -34.322
2.3653 6.74854 -34.8405
14.6397 7.06163 -34.7383
-27.6112 10.1701 -32.9466
10.8669 -25.3321 -33.3695
17.444 -24.6397 -34.8768
-13.0875 -24.7729 -34.225
6.70451 -24.8874 -33.949
-5.94261 -24.5334 -34.3671
-2.50915 -22.6434 -34.6729
-27.3293 -16.1364 -34.3589
36.9871 -11.3515 -33.2759
34.2744 -5.69509 -33.2603
-35.9048 -4.26015 -32.2636
33.0436 -4.28445 -33.3517
-34.4099 -0.895858 -33.3836
22.0234 5.24761 -33.6668
1.21986 7.19579 -34.0494
16.3593 7.30972 -34.0037
-24.4384 10.3275 -33.932
-11.287 10.1799 -34.9396
27.5085 -26.1639 -32.5626
19.4263 -25.2809 -33.7714
17.6556 -24.8297 -33.6705
29.6022 -24.1469 -32.5803
-8.95716 -24.3385 -33.5893
-7.06677 -24.6895 -34.2634
-16.4704 -23.3369 -33.7995
-4.1271 -23.4843 -34.3028
3.53752 -23.249 -33.7295
-1.14873 -22.4763 -33.8346
-31.1339 -13.5782 -33.9581
37.4322 -11.7487 -34.1479
35.9566 -8.16587 -33.3441
-35.5882 -5.5165 -33.1994
-33.568 2.07417 -33.4527
-30.8157 7.68491 -33.1194
6.15307 6.70346 -33.0664
-4.14163 8.5833 -33.6327
-19.724 10.4421 -33.7859
-17.9128 10.285 -33.9745
-8.33786 9.9424 -32.486
22.5857 -27.4994 -33.2225
26.2801 -26.9322 -32.5293
14.9729 -25.7787 -33.6485
-12.5687 -24.4901 -33.2689
-10.2585 -23.9844 -33.3073
-15.3114 -23.6108 -33.7657
30.0542 -23.5413 -32.8289
-18.8596 -23.1623 -33.9246
-20.1583 -22.7341 -33.5278
31.3386 -22.0949 -31.8278
1.23937 -21.779 -33.0599
-27.9775 -15.7913 -33.3499
36.7425 -14.1673 -32.193
-33.1129 -12.9238 -32.6208
27.3716 1.3979 -31.7148
25.6617 2.63828 -33.0015
4.23083 6.93006 -32.5464
12.3049 6.96288 -33.5175
18.3312 6.99648 -32.1704
21.3692 -26.9455 -33.202
24.0251 -27.6419 -32.5355
12.7104 -25.516 -33.1628
8.33717 -24.9068 -32.2464
-7.62905 -24.9021 -32.8206
-6.3788 -25.0462 -33.1505
-14.5822 -23.573 -32.533
-3.6135 -23.6238 -33.1773
4.78118 -24.4569 -32.2371
-1.98749 -22.9788 -32.8483
2.33958 -22.1256 -32.442
-23.1731 -20.5858 -32.8267
-25.1918 -18.9768 -32.0559
36.7451 -17.3065 -32.8096
36.9286 -16.5564 -32.193
-29.2211 -14.6424 -31.5967
-34.4076 -11.4193 -32.6999
-34.9791 -9.98526 -32.8985
-35.658 -6.67736 -32.7706
10.2776 7.08918 -33.1598
-5.08639 8.74652 -31.9643
-17.9639 10.7298 -32.5699
19.4264 -25.868 -32.6751
-17.6255 -22.9916 -31.0578
-21.7065 -21.659 -32.3997
0.378279 -21.6935 -31.9192
20.4936 6.09376 -31.9949
16.7047 7.73263 -32.5566
0.28349 8.48227 -32.21
13.6489 8.40539 -31.1988
15.5901 8.27444 -31.9454
-1.22104 8.66163 -32.0408
-27.0791 11.575 -31.4301
-14.7073 10.2329 -31.6884
-9.54544 10.1892 -30.9842
-25.1498 11.8674 -31.5491
13.0363 -25.8402 -31.8951
15.281 -26.9208 -31.4449
15.8594 -26.5813 -32.2177
17.7868 -26.9351 -30.9036
11.687 -25.3975 -31.626
10.437 -25.2666 -31.501
-7.06042 -24.8302 -31.7148
-5.7573 -24.4667 -31.6768
-4.20755 -23.523 -31.7678
-18.6987 -22.7003 -30.896
-23.0692 -20.906 -31.3024
33.2776 -20.4312 -31.2535
-27.6772 -16.5516 -32.2586
36.9213 -15.5643 -31.9917
36.3569 -10.1813 -31.6287
-35.981 -5.12009 -32.0524
-34.8464 -0.340341 -32.1088
-34.1902 4.20985 -31.835
-33.7538 5.47314 -31.8802
23.9391 3.28566 -31.3569
-32.796 7.16196 -31.8042
6.06142 7.11923 -31.8928
-20.5596 11.8565 -31.5792
22.0785 -28.5945 -31.2134
25.7364 -27.3707 -31.4978
27.318 -26.5779 -31.5802
21.0127 -28.6672 -30.6549
19.0967 -27.4787 -30.4813
29.7711 -24.0696 -31.8451
-9.49248 -23.8319 -31.2854
-12.8444 -23.5014 -31.6617
3.52782 -23.0917 -31.55
-14.1125 -23.051 -30.7738
-2.58144 -22.5331 -30.4708
-0.727507 -21.7725 -30.7699
1.64303 -21.6143 -29.8471
34.8695 -18.879 -30.7741
35.6518 -17.8267 -30.6876
-30.2137 -14.182 -31.1935
36.3487 -11.4102 -30.8389
-35.1717 -8.49629 -31.2771
-35.8912 -5.44459 -31.3051
32.7195 -4.34978 -31.5894
34.7418 -7.77381 -30.9993
21.982 4.62274 -30.0726
18.808 6.70353 -30.9298
3.61293 8.1852 -30.6173
10.6217 8.40019 -31.1046
-32.2968 8.58171 -31.0145
-29.8622 11.0877 -30.4245
-15.4232 10.439 -30.9758
-19.1026 11.9986 -30.8214
-8.28981 -24.147 -30.3624
4.84264 -24.2072 -31.1271
-10.7361 -23.2431 -30.9507
-20.4578 -21.7975 -30.6102
2.61359 -22.1181 -30.4556
-29.6727 -14.6568 -30.0236
-34.4089 -11.6151 -30.3048
-34.8004 -10.1885 -30.1573
-35.098 -0.583202 -31.0787
-34.6469 3.04982 -31.2457
-34.264 6.34467 -30.7001
6.51916 8.08358 -30.4818
16.2567 8.27643 -30.855
-3.93817 8.71759 -30.8022
-7.51763 9.97518 -29.5159
14.5653 -26.7641 -30.7251
27.5021 -27.1579 -30.0773
9.70364 -25.0669 -30.2358
8.79138 -24.6887 -30.3242
7.1743 -24.0202 -30.1225
4.54976 -23.3581 -30.0267
-4.34767 -22.82 -30.1533
0.092314 -21.4244 -29.6702
-25.26 -19.4075 -29.7511
-27.9185 -16.5974 -29.6882
-32.7079 -13.4197 -30.0605
-35.8596 -4.09062 -30.9566
26.4513 1.95764 -29.7372
2.2924 8.6035 -30.0029
-12.2006 10.338 -30.5004
22.3615 -28.9151 -30.1634
24.4842 -28.1685 -30.0936
15.7025 -27.1811 -29.8834
17.1232 -27.3546 -29.3542
12.9257 -25.8045 -23.3809
11.687 -25.3864 -24.501
-7.10401 -24.1116 -30.2142
-7.6202 -23.2531 -29.1495
32.3624 -22.0516 -29.2178
35.8922 -16.4371 -29.7314
-28.3869 -15.9231 -29.6274
35.9601 -14.0987 -30.183
-34.1075 -12.442 -29.4176
34.9919 -9.19456 -29.529
-35.0853 -5.43388 -29.5606
33.1518 -5.8091 -29.6369
32.1998 -3.81887 -29.7963
-35.269 -1.66888 -30.008
30.0845 -1.29377 -29.9524
-34.9138 1.11523 -29.2752
-34.8639 5.07231 -29.5546
17.3521 7.58925 -29.0937
-4.84791 9.0015 -30.0578
14.9536 8.66758 -30.0143
-29.3283 11.4623 -30.17
-16.5476 11.9798 -28.55
-21.6927 12.1833 -30.415
26.5377 -27.8385 -29.3021
31.0016 -24.1036 -29.4609
6.49236 -23.3858 -29.375
31.2845 -23.6235 -29.2253
-6.27847 -22.5887 -28.7694
-16.8372 -22.9672 -29.4343
-12.9477 -22.9435 -29.1659
3.76688 -22.7862 -28.6739
35.24 -17.7592 -29.2529
-34.6818 -7.63698 -28.8317
34.428 -8.00613 -28.9163
-34.9766 -3.192 -28.8411
-34.489 6.84075 -29.4782
19.6082 5.51487 -28.4019
-33.3444 8.35572 -29.6805
8.97501 8.64296 -29.7774
-1.53491 8.849 -29.2433
-12.6058 10.681 -29.6976
-27.8578 12.1635 -29.4324
-23.5264 12.3235 -29.2737
21.7327 -28.9245 -28.4295
20.5823 -28.8174 -28.8668
18.2328 -27.5813 -28.9482
23.7442 -28.2387 -28.8746
10.2205 -25.2048 -25.338
-8.59195 -23.332 -29.186
33.8252 -20.421 -29.1469
34.4807 -19.2239 -28.3283
34.9454 -14.1303 -28.4894
-33.1303 -13.6202 -28.9107
34.9848 -11.425 -28.5922
-34.5542 -11.8133 -28.168
30.9121 -2.08774 -28.876
31.8262 -3.15227 -25.1848
27.9645 -0.157908 -27.9251
23.6918 3.40691 -26.6229
4.17525 8.65918 -29.0058
8.94023 8.67976 -29.1303
-29.711 11.4245 -29.024
-15.5983 11.693 -28.8144
27.1025 -27.4677 -28.4605
28.7855 -26.0004 -28.422
30.9913 -24.18 -28.3985
7.75205 -23.9857 -28.6067
-3.09712 -22.0232 -27.7945
-22.6997 -21.0737 -29.2853
-26.8127 -19.138 -27.3251
34.9348 -16.662 -28.0444
-34.1568 7.3608 -28.4209
-32.981 8.85532 -28.4591
14.437 8.687 -25.501
-5.56102 9.86891 -28.3419
-10.175 10.6195 -28.4132
-25.851 12.437 -27.891
-20.1567 12.2118 -28.001
-17.313 12.1874 -27.001
25.7502 -27.838 -28.1801
6.64683 -23.2141 -28.1334
-18.8149 -22.6098 -26.5409
-17.7092 -22.898 -26.62
-15.0684 -22.6239 -27.2805
-10.9828 -22.9992 -27.3861
5.33426 -22.9885 -27.705
-0.456969 -21.4829 -26.961
33.6645 -20.3953 -27.9419
-32.6113 -14.7632 -27.3091
-29.3907 -16.461 -27.2547
-34.3832 -9.43308 -28.1349
-34.7533 -0.624448 -27.0693
21.954 4.4172 -28.3558
2.23824 8.7461 -27.2859
-2.4163 9.93974 -26.9534
-7.74723 10.5027 -27.7378
-12.9843 11.8602 -27.7465
-27.4169 12.1404 -27.6834
-23.2129 12.6483 -27.9402
20.7876 -28.6032 -26.9417
19.7418 -28.288 -26.6429
18.0817 -27.5177 -26.1101
16.3069 -27.2735 -23.0066
-8.88777 -22.7255 -26.8623
-6.11734 -21.9435 -27.1254
2.24364 -22.7719 -25.6178
32.2183 -21.9821 -27.8368
-1.31271 -21.3888 -25.8797
-24.9341 -20.3687 -27.0086
34.362 -17.2115 -26.4493
-33.9941 -13.5813 -27.1623
34.6914 -11.5078 -27.408
-34.1915 -11.8444 -26.6369
34.6898 -9.43439 -27.8527
-34.2044 -7.44225 -27.6258
34.1055 -7.42772 -23.5591
-34.7022 -4.57205 -27.5386
29.9303 -1.38643 -25.9534
-34.8674 3.09051 -26.3883
-34.6111 5.12705 -26.7648
0.938567 9.02375 -26.8901
6.76513 8.69906 -25.5635
-14.2564 12.1756 -26.8554
-2.78849 -21.5678 -26.2805
0.574934 -21.895 -25.83
34.6602 -15.5798 -27.0718
33.0565 -5.69937 -24.4779
-5.27745 10.4768 -26.3411
-30.8404 9.55722 -26.155
-28.3506 11.5894 -26.3107
-10.9602 11.8816 -26.6248
-24.0609 13.2001 -26.6688
26.6237 -26.5324 -25.8206
29.8942 -24.1843 -26.4636
7.35063 -23.5482 -25.0866
-15.622 -22.4835 -26.5184
-14.2452 -22.4389 -25.6622
-12.402 -22.8571 -24.1017
-21.2661 -21.4755 -24.9627
32.726 -18.8894 -24.8269
-34.0708 -13.2784 -25.8702
-33.1515 -9.75888 -26.0888
-34.3138 -4.84639 -26.6584
-34.451 -0.755696 -26.0953
28.0765 -0.382986 -25.1972
26.1385 2.04292 -26.8068
16.9372 7.92385 -25.1677
-32.4491 7.84755 -25.7512
15.6719 8.4978 -24.8714
-8.61936 11.6695 -26.195
-26.4784 12.3525 -25.4306
-20.0661 12.5629 -25.8954
24.2889 -26.8761 -24.8637
8.25821 -24.3825 -25.269
6.437 -23.1223 -24.251
32.1817 -20.5387 -25.8659
-23.688 -20.8507 -25.8385
-27.7064 -18.5287 -25.8319
-32.7422 -15.1259 -25.6873
34.6405 -13.3719 -25.7295
34.682 -9.45884 -23.5731
-33.3531 -7.54053 -26.2689
22.4348 4.11809 -24.5554
20.431 5.02537 -24.4551
-18.0161 12.2948 -24.7979
-25.1115 13.0053 -25.7563
-22.1001 13.7958 -25.1491
21.6893 -27.4897 -24.1404
-10.0491 -22.5891 -25.8115
3.27453 -22.9854 -25.2926
30.3607 -22.4298 -25.0096
-8.05033 -21.5346 -24.7633
-25.3763 -19.935 -24.6464
-27.301 -18.876 -23.2963
-29.5485 -16.7092 -25.711
34.3233 -14.4608 -24.7123
34.5346 -8.44051 -23.3034
-33.1923 -4.82653 -24.8195
26.376 0.989517 -23.8486
24.955 2.5419 -25.4901
-34.3734 4.28354 -25.2426
19.2227 5.80015 -24.1374
5.33773 9.0535 -24.5866
0.00314812 10.0449 -24.7493
-16.1411 12.2075 -22.7901
18.7559 -27.4144 -23.7961
28.6062 -23.9877 -23.8742
-18.8398 -22.4155 -24.1712
-4.53848 -21.2995 -24.6134
-6.9249 -21.254 -24.0073
-33.5443 -14.3264 -25.3873
34.6558 -12.1169 -24.0425
-32.4301 -9.1339 -23.9023
-32.4747 -7.29905 -23.759
-34.3898 2.63622 -24.8599
-33.1808 5.95786 -24.4032
8.61362 8.69003 -22.8892
-29.9216 9.67141 -23.4137
-7.13666 11.92 -24.8352
-8.39391 12.1675 -24.5968
-23.4854 13.9925 -24.2888
14.9762 -26.9484 -22.9601
-18.2202 -22.1902 -23.4706
-19.6445 -22.1232 -23.8565
0.637269 -21.7497 -24.0152
-0.60791 -21.3425 -23.0266
31.5195 -20.8731 -24.5735
33.1101 -17.2368 -24.1575
-31.4658 -15.6533 -22.4816
-33.3804 -13.6738 -23.5843
30.5836 -1.82688 -23.7536
-3.38739 10.429 -24.2111
-22.2362 14.1223 -23.8736
25.6873 -25.0369 -22.6041
23.601 -25.6748 -22.1821
10.1618 -24.9977 -22.9415
27.4178 -24.0466 -22.4458
7.19167 -23.2858 -22.8927
-11.6569 -22.687 -23.8527
3.79359 -22.8694 -22.7089
-16.1347 -21.5074 -23.2407
-9.94586 -21.5703 -22.8521
-14.873 -21.7289 -23.3715
-23.1199 -20.2946 -23.0695
-29.6865 -16.6055 -22.3848
32.4439 -4.93824 -23.2987
-33.1391 -0.778325 -23.9678
29.2515 -0.872418 -23.2697
-33.1802 2.43618 -22.8218
-31.7753 7.75123 -23.7023
13.0544 8.68322 -22.0978
3.98721 10.0286 -22.9594
-0.937975 10.4768 -22.7195
-28.5707 10.7777 -23.9046
-26.1249 12.1766 -24.0653
-20.5474 13.6724 -23.3823
-17.975 12.738 -22.0766
8.29616 -24.0245 -22.9289
29.3381 -22.8374 -23.2038
-32.6535 -14.8965 -23.4279
-33.2352 -12.4879 -23.5971
-32.5025 -10.679 -23.4329
-33.2211 4.0391 -23.0322
14.1894 8.53718 -22.2221
-4.74541 11.6492 -22.5634
-24.2098 13.3651 -22.7067
12.1933 -25.4121 -21.6142
27.7111 -23.5543 -22.0784
4.937 -22.9792 -22.001
-13.4839 -21.6762 -21.6923
1.80045 -21.6851 -21.246
-8.35791 -21.1212 -21.9104
-6.05477 -20.7475 -20.2973
-26.0423 -19.4469 -22.5936
-32.3651 -12.6088 -21.6643
-32.4092 -4.66111 -22.5195
30.6648 -2.14259 -22.6734
24.6826 1.92341 -22.5614
20.9326 4.41918 -22.7267
-31.9295 5.79834 -21.5253
16.1479 7.79313 -22.7245
-13.1802 12.1847 -17.8291
-6.01163 12.1266 -21.4151
-23.0563 13.9212 -22.8201
19.5339 -26.8903 -22.3799
6.23122 -23.0533 -18.9029
-11.7489 -21.526 -21.4159
31.0186 -21.1826 -21.1165
32.4429 -19.4279 -21.9306
32.7797 -17.659 -22.7592
33.0952 -15.2139 -22.6247
-32.4831 -14.4779 -21.6369
34.3058 -11.8309 -22.6001
34.1618 -10.5817 -20.6524
33.9852 -7.77185 -21.9731
-32.4439 -1.03265 -21.9677
19.2348 5.55926 -21.8595
7.9121 8.9104 -22.0464
2.00266 10.3201 -21.2732
-26.4005 10.6455 -21.6885
-3.6255 12.1811 -19.5947
-21.4083 13.8971 -22.1858
16.9045 -26.9616 -21.8656
22.0522 -25.6056 -21.1291
13.8315 -25.8886 -21.5207
7.82803 -23.5987 -22.1691
-20.9954 -20.9002 -20.2794
-24.177 -19.5258 -20.2531
-31.1422 -10.0344 -21.5504
-31.0631 -8.10727 -21.6005
-31.1823 -5.08719 -20.6504
27.0638 0.21008 -21.1068
-30.999 6.9358 -20.9362
6.29266 9.8029 -20.8056
-28.6477 9.61187 -21.3413
-16.5854 12.3313 -21.336
10.2432 -25.1232 -19.8289
29.3683 -22.3141 -20.4057
-17.1229 -21.3595 -20.7241
-9.34837 -20.9 -20.842
-4.03255 -20.8868 -19.5289
32.8108 -17.5792 -21.042
-29.0259 -16.7359 -20.7199
-31.6266 -15.1869 -20.7132
33.4125 -13.0106 -20.4375
34.2946 -9.49273 -21.1709
32.0023 -5.82084 -20.8239
28.3722 -0.774512 -21.1996
-32.4696 2.13034 -20.895
22.9847 2.04657 -20.0119
-32.3904 3.99759 -20.7601
14.42 8.45606 -20.6008
-29.8329 8.64002 -21.152
-1.59258 11.7408 -20.7676
-19.4341 13.6531 -20.8793
14.6386 -25.537 -20.1107
25.1146 -24.6585 -19.5114
8.3518 -24.2194 -20.4514
7.47624 -23.4301 -19.5734
4.12547 -22.8065 -21.5059
-19.6783 -21.2699 -20.1871
-13.8226 -21.3073 -19.7321
-25.5728 -18.8949 -20.3992
32.8238 -16.2737 -20.0774
-31.3916 -1.72104 -20.4633
16.9371 6.60339 -20.3092
12.6162 8.91987 -20.6499
2.68039 10.6302 -19.5697
-24.5866 11.7315 -20.4234
-22.3612 13.0544 -20.5479
17.0473 -25.7116 -19.9212
20.7615 -25.3748 -20.1477
26.5591 -23.5202 -19.0889
-1.68057 -20.7379 -18.6746
31.7769 -20.0178 -20.7036
-31.8149 -13.4016 -19.9319
-31.9561 -14.1692 -20.2669
-31.3887 -12.5249 -19.5297
30.7382 -3.92909 -19.9504
29.3974 -2.54716 -19.6563
-17.3179 12.5106 -20.1923
-19.9834 13.49 -19.7627
23.1184 -24.9985 -18.2402
26.151 -24.0053 -19.2498
31.9145 -18.9633 -19.8553
33.735 -9.55843 -19.7327
-30.6214 -8.21478 -19.4313
-30.762 -6.84425 -19.751
31.9547 -7.32829 -18.865
20.4333 3.9245 -19.6585
15.9996 7.4637 -19.4697
8.09548 9.81368 -19.9291
-25.7866 10.8134 -19.5288
-1.81671 12.1021 -19.6422
17.0468 -25.3647 -18.7616
30.3438 -20.7294 -19.1885
-12.2154 -21.0997 -19.1576
-1.26898 -20.7165 -17.5664
-7.64217 -19.9111 -18.1247
-30.9502 -2.09448 -19.5579
-31.1308 0.121092 -19.4496
-31.5477 2.79957 -19.1003
17.9634 5.40115 -19.1878
-28.5882 9.2636 -18.624
4.91789 10.3499 -18.6691
-16.208 12.1659 -18.3971
19.67 -25.202 -19.0548
8.65311 -24.0329 -18.8613
4.70931 -22.9408 -15.6703
28.0218 -22.1988 -18.3485
-26.4517 -16.6602 -17.7259
31.362 -18.9072 -19.0893
-29.7078 -15.2466 -18.8177
-30.4383 -14.1131 -18.2988
-30.5675 -10.4537 -18.9197
27.5698 -2.1278 -18.3258
22.0666 1.57587 -18.0704
-31.0937 4.01875 -18.3071
-30.8332 5.602 -18.7623
-30.0134 7.52314 -18.795
12.4515 10.0708 -18.0565
11.3497 10.0671 -18.7185
-22.4389 12.5128 -18.981
-18.0139 12.3145 -18.1899
-21.3347 12.6923 -17.9131
14.6047 -25.1783 -16.0332
11.1925 -24.7972 -17.9116
7.77738 -23.232 -18.2164
-17.4327 -21.2222 -18.0046
-19.704 -20.984 -18.4592
-10.5799 -20.1314 -17.6333
-23.3398 -18.9322 -17.7957
32.5719 -12.2038 -18.5018
31.7881 -8.58029 -17.6796
30.7515 -6.04962 -16.5979
-30.6072 -4.47649 -18.0272
29.5278 -3.56918 -17.9146
25.1985 -0.780775 -18.0068
18.8958 4.29905 -18.5292
14.2341 9.36454 -17.7913
9.33837 10.8673 -17.0228
2.52003 11.823 -17.3035
8.03075 -23.0014 -15.6729
-15.4971 -21.0028 -17.8072
-4.88177 -20.0157 -16.9444
-30.9474 2.08604 -17.9682
17.5439 5.21979 -17.7981
16.4681 6.72959 -17.3366
-26.3493 10.2922 -17.2735
21.8226 -25.0744 -16.9623
23.8425 -24.1168 -16.8852
25.4103 -23.4557 -17.9844
28.5086 -21.1396 -17.8411
28.5673 -19.3922 -16.9747
-3.13733 -19.9575 -16.2311
30.0308 -16.1414 -17.2469
-30.102 -13.0254 -16.8333
-29.9856 -11.7344 -16.7142
31.5208 -10.4456 -17.2048
-29.4882 -9.86955 -16.7034
-29.6837 -8.0202 -17.3047
15.2203 8.45123 -16.8942
6.59065 10.5761 -17.727
4.22313 11.9658 -16.1438
-23.9619 11.7914 -16.4207
17.5118 -25.3043 -15.3958
-19.1473 -20.5713 -17.0692
-8.7333 -19.7384 -16.86
-25.099 -16.4338 -15.9659
-28.4273 -14.9498 -16.6224
-30.544 -0.924425 -17.2319
25.9189 -2.30449 -17.3254
-29.7856 5.75439 -15.6419
-17.7942 11.6172 -16.8162
-20.4861 12.2821 -16.6974
-15.8275 11.5411 -16.4512
-15.3696 12.0013 -17.3716
-12.1204 12.1002 -15.9457
1.89865 12.1293 -16.1247
19.8704 -25.1311 -15.9771
12.6325 -24.2363 -15.3039
11.7145 -23.5348 -15.2191
23.2422 -23.3884 -15.6873
9.9995 -23.1788 -15.6885
25.9832 -20.3413 -15.5715
24.8909 -22.4405 -16.6163
-17.2221 -20.2935 -16.3779
-12.3567 -19.6112 -16.5131
-20.376 -19.2999 -15.975
-9.98601 -19.4966 -16.2744
28.7984 -15.8664 -16.1134
-26.4571 -15.7397 -16.3632
-29.2763 -13.6332 -15.5418
29.9023 -10.7449 -15.5367
-29.171 -6.95512 -15.6055
28.6093 -5.0374 -15.1424
26.8939 -3.53714 -16.5595
21.1297 -0.19488 -15.5905
18.893 2.25879 -15.8632
19.9147 0.836754 -15.3771
17.0661 4.60567 -15.8117
-28.5374 8.11676 -16.2053
-26.7168 9.45193 -15.8932
13.6675 9.52523 -16.9354
9.90409 10.9412 -16.2654
0.34325 12.1833 -16.376
3.9141 -22.7172 -15.322
2.19799 -21.8588 -14.8316
-6.77159 -19.7257 -15.4475
-23.5851 -16.7177 -15.0163
26.8031 -18.7953 -15.2374
30.6264 -8.29282 -15.9414
30.3861 -7.10795 -15.5666
-29.3952 -4.54694 -15.4079
29.7497 -5.1571 -15.9642
25.1722 -4.10257 -15.5881
23.8458 -3.15019 -15.5967
-30.4946 2.33551 -15.872
10.8586 10.4465 -15.8039
7.6176 11.8771 -15.4183
21.6925 -24.6833 -15.6805
-0.180381 -21.0585 -15.8746
-14.1622 -18.5719 -15.2893
-29.5389 0.0431765 -14.6486
15.3222 7.54398 -14.1734
12.2078 9.21282 -14.8937
-21.5396 11.2563 -14.5883
-19.7406 10.2159 -14.0325
-13.4446 11.5953 -15.1641
-22.428 11.9835 -15.6688
-7.81747 12.1226 -14.0128
16.0297 -25.0293 -14.6846
21.9477 -24.0863 -15.0771
23.1461 -21.8118 -14.5282
-2.20541 -20.1659 -15.4489
-4.25947 -19.7036 -15.0936
-19.5859 -18.0948 -14.889
-9.17295 -19.1863 -15.2706
-8.19578 -19.1922 -13.9857
27.2162 -16.6063 -14.9521
-24.5505 -13.8576 -12.7259
25.4056 -14.2635 -13.6022
-29.4487 -11.6349 -14.6196
29.5661 -9.03645 -15.0405
29.4907 -6.12715 -14.9521
-30.0719 3.17668 -14.8207
-28.4163 7.79748 -14.8592
-23.976 11.2578 -15.1312
-6.063 12.1836 -14.0635
19.229 -24.7648 -14.5057
11.9455 -22.9682 -11.5288
-3.33714 -19.7371 -13.8866
-12.382 -17.7559 -14.1791
-10.9557 -18.0349 -14.157
-17.1122 -16.716 -13.9546
-28.0233 -13.1865 -13.4884
-28.8563 -12.6779 -13.8132
-29.0008 -8.90649 -14.5966
-28.5431 -6.48855 -14.3799
26.1248 -5.51438 -13.9126
-28.7548 -2.40655 -13.1496
-28.8632 6.35458 -14.0208
-27.7535 7.84088 -13.8005
11.0326 9.31303 -13.8354
-25.4406 9.23227 -14.0351
-17.1247 9.20769 -13.2324
-15.6625 9.47374 -13.5725
8.86506 11.5968 -14.7561
-22.6907 11.3298 -14.5806
-10.2309 11.8702 -14.1555
4.79616 12.1835 -13.8651
7.44605 12.0819 -14.4726
17.5308 -24.7664 -13.8834
16.0686 -24.2111 -13.2244
12.676 -23.2484 -13.7277
1.52249 -21.6228 -13.2613
-1.1255 -20.7028 -12.8916
22.7095 -20.4904 -13.1774
-21.3387 -16.5026 -13.9445
-22.7645 -16.066 -14.1584
-23.5143 -14.9229 -13.4828
26.5379 -11.5065 -13.5388
28.9895 -7.0686 -14.4382
27.3305 -6.57047 -13.6389
22.5659 -4.03137 -13.6574
18.4101 1.78892 -14.2501
13.8137 8.22002 -13.3817
14.2104 -23.4337 -13.3176
18.3883 -22.8097 -12.6964
20.9985 -22.1009 -13.4983
3.69849 -22.0237 -12.6798
-10.6284 -17.5507 -12.7937
-15.0969 -16.5653 -13.6608
-21.083 -16.0076 -13.7868
20.0746 -2.56966 -12.8449
19.0079 -0.259151 -13.3396
-28.3111 0.213803 -12.5182
-28.682 3.38098 -13.2638
16.8324 4.01861 -12.4597
-22.9125 10.6798 -13.8921
8.42054 11.5175 -13.7235
-8.62174 11.8057 -13.0079
-1.32904 12.2048 -13.7983
17.8586 -24.0172 -13.1551
12.9933 -23.0157 -12.5283
0.31689 -21.4781 -9.52275
-5.27089 -19.0927 -12.1374
23.4363 -18.5022 -12.6563
-13.011 -16.6051 -13.0531
-17.9155 -16.0447 -13.8291
-15.3153 -15.9024 -13.4172
-18.7221 -14.5414 -13.0994
-28.938 -11.5046 -13.1955
27.2981 -8.72694 -13.4842
-27.6451 -7.01373 -12.9417
-27.4788 -4.37298 -11.8965
15.8265 5.71986 -12.2492
-19.9967 9.12123 -12.6972
-13.2585 9.12934 -12.1819
-11.241 10.5441 -12.657
15.6675 -23.2235 -12.5709
6.69789 -22.8936 -12.3766
-7.299 -19.1682 -12.5968
-8.32099 -18.7238 -11.4672
-11.9675 -16.6844 -12.4399
22.7811 -16.5266 -11.6952
-22.3941 -13.6626 -12.1936
-26.7925 -12.7616 -12.0646
-27.4081 -9.41599 -11.4572
25.0798 -8.61635 -11.8366
24.2897 -6.09508 -12.2377
22.0166 -4.90945 -12.6146
21.4245 -5.03481 -12.3698
18.6666 -2.64838 -11.6266
18.2277 0.11436 -12.4869
17.7458 1.84595 -12.597
-27.28 6.81973 -12.8404
-24.6018 8.15067 -12.5243
8.43539 10.4262 -11.8917
5.36902 11.8246 -12.2624
1.93013 12.2508 -11.8219
16.5028 -22.231 -11.7622
9.51983 -22.9437 -11.2425
19.4183 -18.8444 -10.7122
-4.31485 -19.277 -12.0218
-14.3914 -14.433 -12.0755
22.7113 -14.3287 -11.4178
-27.188 -11.9253 -11.5754
23.482 -11.8483 -11.212
-27.8187 -11.2158 -11.8477
25.1206 -7.07747 -12.0916
-27.3276 -3.34838 -11.6531
-27.1858 4.14994 -12.6499
14.7957 6.67015 -11.8546
-18.4066 8.01498 -11.9958
11.3136 8.32323 -11.5827
-22.6987 8.12908 -12.0248
-20.9687 8.15724 -11.9001
-14.3081 8.07753 -11.5263
-6.57996 12.0199 -11.5012
-3.49362 12.1453 -11.3198
-0.520296 12.3935 -11.0755
6.80846 -22.5853 -11.2125
14.658 -22.6017 -11.6838
4.96085 -21.8606 -10.5023
-6.15097 -18.5237 -10.1011
-9.03376 -17.9781 -10.7091
-11.0857 -16.6461 -11.446
-20.762 -12.7206 -11.5379
-17.9477 -12.5377 -11.2172
23.4655 -6.93838 -11.4318
-26.6352 -2.14408 -11.1419
-27.1381 1.3084 -11.8122
-24.8496 6.72723 -12.0307
-24.2757 4.85024 -11.8156
14.0203 6.71265 -10.8116
-16.4756 7.42407 -11.6455
17.6232 -20.9418 -11.0386
-2.12813 -20.1953 -8.757
-11.7898 -15.4278 -11.0777
-25.2169 -11.3372 -10.6559
-27.126 -7.88645 -10.9678
23.536 -8.11489 -11.1278
21.5646 -8.19346 -10.571
19.8666 -6.51008 -10.9306
18.8623 -5.95991 -10.4366
-24.5412 3.69199 -11.6057
-24.6618 1.42426 -10.6697
16.6719 2.55524 -10.5992
-20.49 5.76583 -11.1657
9.11371 9.45591 -10.2685
-10.0563 10.3604 -11.3503
2.65706 11.8385 -10.6863
12.2674 -22.5064 -10.4123
3.41641 -21.6146 -10.0312
1.35187 -21.6458 -9.23924
-4.80307 -18.9819 -9.19008
19.8849 -16.4322 -9.84488
-13.8381 -12.6146 -9.62918
-15.0531 -12.6063 -10.5152
-18.8119 -11.0355 -10.4759
-26.3931 -9.915 -10.4199
22.0059 -9.76842 -10.38
-26.5165 -5.61297 -10.0237
-25.1419 0.211546 -10.5013
-20.7532 3.54458 -10.3769
15.9152 4.69607 -9.04708
15.1134 6.02828 -10.6798
-18.9567 5.83745 -11.031
-16.1652 6.5266 -10.8317
12.5273 6.87497 -9.96371
-14.8015 6.74371 -10.0995
11.1111 7.32558 -9.64911
-9.60657 9.57258 -8.86271
4.7765 10.5092 -9.48571
0.169324 12.1449 -9.95601
15.4115 -20.7474 -10.1419
20.6944 -13.0106 -10.0594
-16.0397 -11.6841 -10.3059
21.3788 -11.3424 -10.0528
-17.7851 -10.1061 -10.0654
18.1416 -4.03177 -10.3263
17.3937 -0.813 -10.501
16.3064 3.40047 -9.84569
-18.3091 4.41076 -10.2412
7.40621 9.83452 -9.24321
-4.50684 11.6995 -9.86911
9.46135 -22.2015 -9.39418
12.0228 -21.3955 -8.92924
-9.68044 -16.0741 -8.70819
-16.0966 -9.51188 -9.30658
-24.8871 -8.80993 -9.66413
-19.4475 -8.5326 -9.80213
-26.5187 -7.29388 -10.037
19.3648 -8.66789 -8.95553
-24.9978 -3.28967 -9.66582
-22.1323 1.10981 -9.47138
-16.6375 3.49553 -8.77076
-15.4332 5.68173 -9.57449
15.244 5.8081 -8.58445
-12.3057 8.15289 -8.97618
-7.813 10.4872 -9.1885
-5.70562 10.8188 -8.71645
-2.17646 12.0083 -8.50251
-5.56087 -18.4121 -8.74909
15.7064 -16.4017 -8.09079
-8.08593 -17.3307 -8.99143
-11.7201 -13.6311 -8.30571
18.8335 -10.9525 -8.1513
-25.4058 -7.03986 -9.36023
-17.6541 -7.4045 -9.24411
-22.1067 -7.01 -9.30764
-19.1845 -6.91025 -9.34927
-25.7384 -6.14749 -9.48554
-23.1173 -1.24553 -9.16109
-19.037 1.53237 -8.2794
11.251 6.97278 -8.67192
-13.7136 6.83862 -8.78661
8.89559 8.36266 -7.65207
1.57632 10.5822 -8.11855
8.90739 -21.4141 -8.51623
0.0047391 -21.2196 -8.50007
5.10124 -20.7946 -8.76134
12.3927 -19.3922 -7.94958
-7.17315 -16.8617 -7.48604
18.3752 -9.61845 -7.85413
17.9393 -8.18098 -7.74052
-22.4812 -5.7377 -9.06031
-23.6944 -4.42643 -9.17056
16.4737 -3.66831 -6.75411
-19.3188 0.425309 -7.88319
15.7937 2.55229 -7.78156
16.3447 -0.6255 -8.001
-18.1819 2.25296 -8.40702
-15.0572 3.63128 -7.43101
14.1802 6.45015 -8.15976
7.50955 8.90958 -7.07303
-3.37441 11.5467 -7.80434
2.0425 -21.1392 -8.25832
18.081 -14.9699 -8.41744
-9.60435 -14.0591 -5.316
-14.6918 -9.92306 -8.21334
-15.885 -7.88069 -8.2692
-20.0601 -4.09337 -7.97185
-18.323 -5.02333 -7.86615
12.5364 6.56105 -6.7321
-7.70036 9.34995 -6.78106
0.891152 -20.7727 -7.26402
6.71193 -19.7305 -7.62499
9.93191 -19.8777 -7.52834
4.90927 -19.2173 -7.10899
-4.16582 -18.828 -7.54231
13.3378 -15.7233 -7.07297
17.9075 -12.4577 -7.90156
-11.7878 -10.9229 -5.03468
16.9478 -7.04692 -6.61454
-18.3477 -3.87594 -7.28562
-19.546 -2.16174 -7.61979
16.0237 0.525647 -7.02919
15.4182 4.68479 -7.48984
14.4623 5.84833 -6.93831
-0.475125 -20.4877 -7.32137
11.2953 -17.9834 -7.36774
16.1549 -12.176 -7.46348
17.1706 -10.5662 -7.16588
-16.0532 -5.1539 -6.41958
-17.7325 1.33488 -7.28291
-11.655 6.3519 -6.18215
11.3801 6.80087 -6.35327
2.87113 9.80074 -6.44899
6.45582 -18.1205 -6.73293
7.97354 -18.5301 -7.20044
7.79816 -16.698 -6.63477
10.0353 -16.2229 -7.07853
11.876 -14.3716 -6.68605
14.6376 -11.8033 -7.14005
17.2229 -8.58006 -6.69855
-14.8332 -6.83684 -6.12987
16.1346 -5.63023 -5.23628
-17.4482 -3.10923 -6.52583
-18.0116 -1.67243 -6.67768
-17.7367 0.0780598 -6.63523
15.2896 1.83527 -6.2473
-16.3537 1.50967 -5.98617
13.9311 3.3552 -5.00049
-5.35167 9.49658 -5.69411
-1.59472 -18.1721 -5.08268
-3.68421 -17.5031 -5.17051
8.51332 -15.69 -6.60986
-8.50594 -15.1327 -5.48371
10.6489 -13.3149 -5.87401
12.7318 -10.7974 -6.09747
15.9107 -9.76505 -6.01959
-12.525 -9.74547 -4.97237
9.23172 7.97029 -4.73296
-8.0091 8.17087 -4.86218
8.25266 8.44301 -4.6534
-1.90186 10.5084 -5.8686
2.33581 -16.7068 -3.63671
5.07257 -17.4766 -5.70434
-5.64609 -16.1595 -4.6997
15.9998 -7.70991 -5.31605
16.3014 -1.77428 -5.21149
-12.8328 4.32046 -4.93528
6.76291 8.74795 -5.59068
4.28614 8.92864 -5.05619
-2.89408 9.16758 -3.62152
7.4986 -14.342 -5.10875
10.8686 -11.6231 -4.88162
12.1745 -10.414 -5.36056
14.6638 -9.15553 -5.24572
-13.0174 -7.2164 -3.93875
-14.2921 -4.81061 -4.81408
-14.9422 -0.384103 -3.48143
15.8411 -0.61196 -4.53629
-14.208 2.45348 -3.81055
12.9258 4.39824 -4.43891
11.4259 5.61817 -4.0968
11.029 6.53867 -4.86525
0.783494 -16.6166 -3.20747
4.21562 -16.3876 -4.3649
9.86713 -12.5489 -4.73508
13.3482 -9.17463 -4.69659
15.0839 -8.21081 -4.80065
-14.958 1.02713 -3.60022
7.21246 8.54131 -3.32614
2.16165 8.78837 -3.67154
-2.02472 9.59631 -3.95802
-2.20735 -16.6095 -3.45275
-4.21294 -16.5327 -4.11018
-6.28007 -15.266 -3.45317
4.69542 -15.0116 -3.60748
15.407 -5.09303 -3.9161
15.9656 -1.81162 -4.25567
-11.6396 4.32679 -3.99633
-7.22536 7.27736 -3.45514
-4.34329 8.09222 -3.23776
-0.448094 8.92287 -2.63617
-7.55647 -14.4699 -2.96464
5.77803 -14.4277 -3.6607
10.5453 -10.7118 -2.81781
13.3169 -8.22718 -3.54063
13.0632 -7.13301 -2.67657
14.3428 -6.09901 -3.19252
-13.0299 -3.08591 -3.22244
13.2412 1.67087 -2.81041
-12.4151 3.75309 -3.82936
8.82415 7.81521 -3.20218
-4.31824 -15.7495 -3.37467
1.90176 -15.8655 -2.98812
-8.96698 -13.3576 -3.22042
8.57914 -11.8533 -2.45435
-11.4638 -8.80971 -1.94745
-12.5709 -4.80373 -3.05397
15.2504 -2.14025 -3.50701
-12.7515 -0.376507 -1.55611
14.6763 -0.27486 -3.30384
10.0083 4.55481 -1.77279
-8.19458 4.30992 -1.77663
4.56426 8.59075 -1.87178
-1.33045 -15.9907 -2.84625
12.7864 -3.59587 -2.29128
13.8473 -0.900468 -2.53979
-13.2844 0.595612 -1.83457
-13.3123 1.94362 -2.44988
9.11074 6.79696 -2.3963
-1.3391 -15.0702 -1.84408
0.290942 -14.9075 -1.77662
-4.74378 -14.2139 -1.69779
2.44723 -14.0242 -1.81492
5.71683 -13.2633 -2.07087
11.4304 -8.80781 -2.12295
-11.5035 -7.02217 -1.43582
12.4446 0.763252 -1.69119
-7.08588 4.06891 -1.08533
0.287108 8.59211 -1.78016
-8.62517 -11.5495 -1.18956
9.40331 -10.491 -1.81125
9.77092 -6.75914 -0.681091
-11.1091 -3.69186 -1.49718
-8.5043 2.38424 0.0293851
-4.39011 5.8314 -1.43968
7.71513 6.80286 -1.55265
5.32579 7.89756 -1.10149
-1.42426 7.46118 -0.944767
-5.16456 -13.1528 -0.693494
2.93657 -12.2754 -0.378081
-7.24668 -11.9941 -0.630667
6.11391 -12.0303 -1.13076
-10.9288 -8.8703 -1.43561
6.63306 -8.58228 0.383941
11.8389 -1.11379 -1.14717
8.49667 4.6692 -1.04587
-0.345709 8.00264 -1.04193
-2.36901 -13.6739 0.066129
-10.4894 -6.87555 -0.594047
-10.6308 -1.4501 -0.291009
-11.7056 1.21011 -0.897728
9.51817 2.66063 -0.558388
-4.2219 3.57823 -0.133213
5.34273 4.94178 -0.307045
2.94322 8.08564 -0.715203
-0.661466 -13.2362 0.812617
-8.08977 -10.2156 0.0510593
6.33171 -9.72945 0.149076
4.55334 -9.66707 0.958833
-9.50939 -8.2471 -0.194514
-9.63492 -4.91033 -0.426297
-9.9667 -3.49078 -0.513753
9.06818 -2.02853 0.24319
-10.9395 0.198945 -0.250547
9.66637 0.000939391 -0.0285701
8.73237 1.31677 0.33036
-3.08579 4.82931 -0.496822
4.36142 6.91079 -0.287009
0.122058 6.99417 -0.376946
2.31465 7.09497 -0.183729
-2.92443 -12.1759 1.13951
0.665742 -12.419 1.0476
-4.79997 -11.3867 0.436075
7.59828 3.04996 0.0101451
3.98091 3.63734 0.468484
-1.417 4.72067 -0.142732
2.88878 5.00575 -0.020862
-6.02599 -9.25686 0.912891
-6.90503 -7.41333 0.890329
7.9388 -4.39074 0.39864
-7.37375 -3.72114 1.0314
-9.33848 -0.675961 0.57553
-7.58691 1.22758 1.27343
-5.28501 1.66869 1.89167
-1.37987 3.15869 0.922241
-1.91171 -12.2755 1.5021
4.68585 -7.91693 1.64351
6.15706 -5.43022 1.08408
7.59139 -0.35546 1.5639
6.69293 0.669507 1.77827
4.07631 2.43632 1.20635
2.31888 -8.97631 2.72082
-5.27031 -8.44828 1.68247
-6.00624 -7.00061 1.57936
7.04318 -1.90556 1.77051
-6.9404 -0.982451 1.91252
-6.4162 0.497551 2.14048
-1.86849 1.22193 2.74734
1.08532 0.895347 2.89692
-0.187682 -10.4859 2.91953
-3.90486 -7.73245 3.43913
5.19292 -3.88577 2.40326
-5.71031 -3.16244 2.46401
6.54404 -0.867857 2.23341
4.46138 0.559458 2.51329
-1.80818 -10.2482 3.04758
2.8871 -7.10526 3.22
-5.4278 -0.831155 2.76008
-3.78794 0.334425 2.95769
-3.94735 -5.45038 4.05742
4.16928 -3.08817 3.27798
-4.58571 -2.18844 3.35917
3.62097 -1.27978 3.50734
-2.51814 -8.12757 3.97403
-0.381059 -8.58008 3.71241
-0.709767 -1.35807 4.20473
1.2509 -1.16013 4.08143
-1.84145 -6.23081 4.45758
1.9514 -3.30921 4.25751
-2.66061 -3.22263 4.51857
-2.80096 -5.54949 4.54784
-0.816777 -3.36605 4.67435